14D,220802,.1,.1,.095,.097,143834
1AD,220802,.051,.055,.051,.055,295000
1AE,220802,.195,.195,.19,.19,106250
1AG,220802,.016,.016,.016,.016,63
1MC,220802,.017,.017,.016,.017,12601286
1ST,220802,.009,.009,.009,.009,240171
1VG,220802,.185,.185,.175,.175,83883
29M,220802,1.62,1.625,1.51,1.51,1748225
360,220802,4.38,4.38,4.13,4.28,786286
3DA,220802,.18,.18,.17,.17,131178
3DP,220802,.235,.245,.235,.235,159829
3MF,220802,.014,.014,.012,.012,474200
3PL,220802,1.25,1.255,1.25,1.255,22
4DS,220802,.1,.105,.1,.1,1906099
4DX,220802,.66,.68,.64,.64,261016
5EA,220802,2.32,2.44,2.24,2.25,786145
5GG,220802,.395,.4,.355,.365,76590
88E,220802,.012,.012,.01,.01,44909173
8CO,220802,.105,.105,.099,.099,75906
8VI,220802,1.505,1.505,1.5,1.5,4098
92E,220802,.455,.465,.45,.465,161020
99L,220802,.034,.034,.033,.033,10000
A1G,220802,.1,.1,.1,.1,140
A1M,220802,.415,.415,.395,.395,19442
A200,220802,115.84,116.41,115.5,116.2,48824
A2B,220802,1.175,1.2,1.175,1.2,2707
A2M,220802,4.46,5.08,4.4,4.9,12072446
A2MKCD,220802,1.465,1.5,1.465,1.5,23795
A2MKOB,220802,2.96,2.96,2.96,2.96,8242
A3D,220802,.038,.038,.037,.037,250000
A4N,220802,.405,.405,.39,.395,542334
A8G,220802,.25,.25,.24,.24,2084
AAA,220802,50.07,50.08,50.07,50.075,79605
AAC,220802,1.865,1.895,1.855,1.88,752857
AAJ,220802,.061,.061,.056,.056,108750
AAP,220802,.026,.026,.026,.026,5877
AAR,220802,.077,.079,.077,.079,97662
AASF,220802,3.22,3.23,3.21,3.23,34722
AAU,220802,.053,.053,.051,.052,687716
AAUOB,220802,.006,.006,.006,.006,750000
ABA,220802,6.7,6.7,6.6,6.67,6570
ABB,220802,3.04,3.05,2.92,3.01,5257717
ABC,220802,2.54,2.6,2.5,2.57,1088736
ABE,220802,.405,.405,.355,.355,16000
ABP,220802,2.92,2.94,2.87,2.89,750183
ABV,220802,.034,.034,.034,.034,11494
ABX,220802,.15,.15,.15,.15,12195
ABY,220802,1.475,1.475,1.35,1.395,1323239
AC8,220802,.044,.044,.043,.043,60272
ACB,220802,.068,.068,.063,.066,2575526
ACDC,220802,83.54,83.6,82.5,83.38,6638
ACF,220802,.495,.495,.485,.485,34375
ACL,220802,5.17,5.4,5.15,5.38,206558
ACQ,220802,1.175,1.175,1.16,1.165,33280
ACR,220802,.053,.053,.053,.053,9648
ACW,220802,.067,.067,.06,.061,875185
AD1,220802,.019,.019,.019,.019,250000
AD8,220802,9.88,10.1,9.83,9.84,374666
ADA,220802,.9,.91,.9,.91,5823
ADD,220802,.028,.03,.028,.029,756193
ADEF,220802,4.46,4.46,4.33,4.33,11004
ADH,220802,2.47,2.52,2.44,2.48,742004
ADN,220802,.095,.097,.092,.096,3281767
ADO,220802,.067,.07,.066,.07,1109469
ADR,220802,.011,.011,.011,.011,231666
ADS,220802,.011,.012,.011,.012,488590
ADT,220802,2.11,2.11,2.04,2.07,284216
ADV,220802,.008,.008,.007,.008,9977433
ADY,220802,.008,.009,.008,.009,107602
AEAE,220802,9.41,9.41,9.4,9.4,1090
AEE,220802,.205,.215,.205,.21,289308
AEEO,220802,.15,.15,.15,.15,25700
AEF,220802,6.32,6.4,6.18,6.39,87022
AEG,220802,.9,.9,.9,.9,125207
AEI,220802,.057,.058,.057,.058,90000
AEV,220802,.012,.012,.012,.012,1050844
AFG,220802,1.895,1.9,1.827,1.85,307915
AFI,220802,8.04,8.07,8,8.04,319215
AFL,220802,.395,.395,.39,.395,45590
AFP,220802,3.4,3.4,3.4,3.4,882
AFW,220802,.002,.002,.002,.002,11951
AGC,220802,.072,.076,.072,.076,74499
AGD,220802,.046,.046,.045,.045,40000
AGE,220802,.058,.058,.055,.055,8858884
AGG,220802,4.35,4.35,4.27,4.27,11576
AGH,220802,.15,.15,.14,.14,440080
AGI,220802,.9,.9,.84,.84,15508
AGL,220802,8.44,8.59,8.395,8.59,1799909
AGN,220802,.44,.45,.435,.435,65971
AGVT,220802,44.48,44.71,44.39,44.62,75954
AGX1,220802,4.45,4.45,4.41,4.45,52198
AGY,220802,.38,.385,.365,.365,3793553
AHF,220802,.075,.075,.074,.075,26456
AHI,220802,.12,.12,.12,.12,39403
AHK,220802,.2,.2,.2,.2,6661
AHN,220802,.011,.012,.011,.012,3568519
AHQ,220802,.115,.12,.115,.12,498786
AIA,220802,6.68,6.82,6.68,6.79,615149
AIB,220802,.092,.092,.092,.092,4
AIM,220802,.32,.32,.31,.31,98912
AIS,220802,.465,.465,.415,.425,2026233
AIZ,220802,.565,.565,.555,.565,965042
AJL,220802,.083,.085,.08,.083,232115
AJQ,220802,.007,.007,.007,.007,3671
AJX,220802,.025,.025,.021,.025,1685572
AKE,220802,11.74,11.815,11.12,11.16,3879133
AKEKCB,220802,4.29,4.29,3.8,3.8,8940
AKEKCD,220802,4.55,4.55,4.55,4.55,4000
AKEKCL,220802,4.93,4.93,4.93,4.93,500
AKG,220802,.33,.33,.33,.33,12947
AKM,220802,.087,.091,.087,.088,25472
AKN,220802,.105,.115,.105,.115,42109
AKO,220802,.17,.175,.165,.165,121944
AKP,220802,17.31,17.31,17.31,17.31,45
AL3,220802,.078,.078,.075,.078,132791
AL8,220802,.008,.009,.008,.009,2079186
ALA,220802,.025,.025,.025,.025,375000
ALB,220802,.07,.07,.07,.07,13546
ALC,220802,.16,.16,.15,.15,2135744
ALD,220802,33.61,33.91,33.46,33.85,688446
ALG,220802,.525,.525,.5,.51,1501052
ALI,220802,2.54,2.54,2.47,2.47,26126
ALK,220802,.795,.815,.78,.815,432514
ALL,220802,35.12,35.45,34.84,35.32,2274146
ALLKOP,220802,12.62,12.62,12.59,12.59,750
ALM,220802,.012,.012,.012,.012,100400
ALQ,220802,11.69,11.78,11.57,11.78,801254
ALT,220802,.001,.001,.001,.001,3200000
ALU,220802,30.55,31.23,30.55,31.21,257737
ALX,220802,7.75,7.88,7.68,7.77,3120235
ALY,220802,.014,.014,.014,.014,158575
AM7,220802,.145,.145,.13,.145,299035
AMA,220802,.16,.16,.15,.15,2251663
AMC,220802,18.5,18.65,18.46,18.65,1563668
AMCKOP,220802,5.5,5.5,5.49,5.49,5000
AMD,220802,.004,.004,.004,.004,150000
AME,220802,.061,.061,.057,.058,761944
AMH,220802,1.125,1.145,1.12,1.14,100185
AMI,220802,.265,.267,.26,.265,2695565
AML,220802,.028,.029,.028,.028,645808
AMM,220802,.062,.062,.062,.062,100000
AMN,220802,.42,.42,.42,.42,40480
AMP,220802,1.095,1.11,1.08,1.11,6155830
AMPPB,220802,102,102,102,102,1896
AMS,220802,.305,.32,.305,.32,298302
AMX,220802,.4,.4,.37,.4,18500
AN1,220802,.032,.032,.028,.028,86956
AN1OA,220802,.002,.002,.001,.001,500000
AND,220802,1.8,1.845,1.79,1.8,11368
ANG,220802,.25,.265,.25,.265,304982
ANL,220802,.001,.002,.001,.002,5000000
ANN,220802,26.36,26.86,26.31,26.83,243091
ANO,220802,2.25,2.26,2.25,2.26,4013
ANP,220802,.079,.079,.077,.079,234916
ANR,220802,.056,.057,.056,.057,72279
ANW,220802,.001,.001,.001,.001,500180
ANX,220802,.075,.08,.075,.078,60284
ANZ,220802,22.44,22.86,22.41,22.81,6999769
ANZJCA,220802,7.71,7.81,7.71,7.78,27250
ANZJOB,220802,4.59,4.62,4.54,4.62,34200
ANZJOJ,220802,13.62,13.89,13.62,13.89,4000
ANZKCD,220802,3.48,3.48,3.48,3.48,333
ANZKCE,220802,2.83,2.92,2.83,2.92,3400
ANZKOI,220802,3.88,4.11,3.88,4.11,10000
ANZPF,220802,102.36,102.94,102.36,102.94,63195
ANZPG,220802,104.7,104.98,104.5,104.65,6911
ANZPH,220802,104.59,104.73,104.1,104.73,3315
ANZPI,220802,100.19,100.25,100.01,100.19,16535
ANZPJ,220802,98.49,98.93,98.42,98.8,17767
ANZR,220802,3.4,3.95,3.4,3.85,1443192
ANZSOB,220802,11.77,11.77,11.77,11.77,750
AO1,220802,.001,.001,.001,.001,33333
AOA,220802,.005,.005,.005,.005,86498
AOF,220802,1.81,1.825,1.785,1.81,87761
AON,220802,.055,.055,.051,.051,582388
AOU,220802,.058,.064,.058,.064,383407
APA,220802,11.9,12.1,11.7,12.05,1757386
APC,220802,.041,.042,.04,.04,255391
APE,220802,12.4,12.7,12.36,12.69,519625
APEKCC,220802,7.27,7.27,7.24,7.24,2381
APM,220802,3.3,3.35,3.27,3.35,188096
APS,220802,.12,.12,.105,.105,77769
APX,220802,4.49,4.49,4.04,4.15,8599788
APXJOC,220802,1.225,1.225,1.155,1.155,1001
APXKCD,220802,1.24,1.435,1.075,1.175,34085
APXKOA,220802,1.665,1.665,1.665,1.665,3000
APZ,220802,1.56,1.575,1.56,1.575,3052
AQC,220802,.105,.105,.105,.105,9024
AQD,220802,.018,.018,.017,.017,1276221
AQI,220802,.059,.06,.058,.059,487218
AQLT,220802,22.68,22.81,22.65,22.81,467
AQX,220802,.003,.003,.003,.003,29187005
AQZ,220802,3.39,3.46,3.31,3.45,54747
AR1,220802,.435,.6,.435,.465,2733486
AR3,220802,.43,.435,.43,.435,45944
AR9,220802,.165,.175,.165,.165,98445
AR9O,220802,.073,.073,.073,.073,13698
ARA,220802,.77,.77,.77,.77,1
ARB,220802,33,33.41,32.84,33.26,124548
ARD,220802,.019,.02,.019,.02,605000
ARE,220802,.002,.002,.002,.002,15168336
ARF,220802,4.76,4.78,4.7,4.73,603550
ARG,220802,9.44,9.55,9.4,9.55,161296
ARL,220802,1.145,1.195,1.05,1.095,266250
ARN,220802,.2,.21,.2,.21,4885
ARO,220802,.004,.004,.004,.004,1176276
ARR,220802,.255,.255,.24,.255,893385
ART,220802,.415,.415,.385,.385,437394
ARU,220802,.325,.34,.32,.32,4995284
ARV,220802,.025,.027,.025,.026,200766
ARX,220802,.87,.9,.86,.89,115000
AS2,220802,.295,.32,.29,.295,349470
AS2O,220802,.105,.105,.1,.1,137905
ASB,220802,2.67,2.67,2.63,2.66,647643
ASG,220802,1.79,1.83,1.79,1.79,7443
ASH,220802,.8,.81,.77,.81,107274
ASIA,220802,6.9,6.9,6.69,6.8,335642
ASM,220802,3.6,3.6,3.36,3.5,358011
ASN,220802,.13,.13,.12,.12,4506138
ASNOC,220802,.1,.1,.092,.092,125500
ASO,220802,.087,.087,.081,.083,944595
ASQ,220802,.056,.056,.056,.056,8839
ASR,220802,.019,.019,.018,.018,2153237
ASROB,220802,.004,.004,.004,.004,1300000
ASX,220802,88.42,90.61,88.06,90.52,486436
ASXSO4,220802,44.86,44.86,44.86,44.86,60
AT1,220802,.076,.078,.066,.066,1035238
ATA,220802,.59,.59,.585,.59,11327
ATC,220802,.057,.06,.055,.06,1651353
ATEC,220802,17.1,17.14,16.96,17.11,12193
ATH,220802,.016,.016,.015,.016,3229656
ATL,220802,.515,.53,.515,.53,2780
ATP,220802,.033,.034,.033,.034,149829
ATR,220802,.515,.515,.495,.5,31857
ATS,220802,.05,.05,.047,.047,637832
ATU,220802,.007,.007,.007,.007,2984
ATV,220802,.083,.09,.083,.09,24832
ATX,220802,.095,.099,.095,.098,201115
AU1,220802,.043,.043,.043,.043,150000
AUA,220802,.12,.12,.12,.12,2000
AUB,220802,19.59,19.65,19.44,19.65,156286
AUC,220802,.049,.049,.044,.044,5512044
AUDS,220802,8.04,8.04,7.93,7.93,8014
AUE,220802,.125,.125,.125,.125,15000
AUH,220802,.007,.007,.007,.007,5347231
AUI,220802,9.84,9.88,9.79,9.88,8223
AUMF,220802,29.14,29.14,29.14,29.14,200
AUN,220802,.14,.14,.14,.14,2505
AUQ,220802,.046,.046,.046,.046,38564
AUT,220802,.047,.048,.046,.046,423224
AUZ,220802,.07,.072,.069,.069,271469
AV1,220802,.07,.072,.07,.072,232540
AVA,220802,.265,.265,.25,.25,70665
AVG,220802,.67,.67,.645,.66,11064
AVH,220802,1.68,1.75,1.68,1.71,193624
AVJ,220802,.485,.49,.46,.46,61009
AVL,220802,.041,.042,.039,.041,17444488
AVLOA,220802,.018,.018,.016,.016,3074999
AVR,220802,26.64,26.7,25.14,26.29,11406
AW1,220802,.13,.13,.13,.13,21759
AWC,220802,1.505,1.532,1.495,1.525,13873824
AWV,220802,.01,.01,.01,.01,10500
AX1,220802,1.31,1.35,1.305,1.35,667593
AX8,220802,.037,.037,.037,.037,15269
AXE,220802,.795,.885,.75,.87,1774086
AXI,220802,.054,.058,.054,.058,53004
AXP,220802,.006,.006,.005,.005,18267
AYA,220802,.705,.705,.67,.67,19809
AYT,220802,.01,.01,.009,.009,353864
AYUHC,220802,99.39,99.39,98.2,98.2,971
AYUPA,220802,84.35,84.48,84.35,84.39,732
AZJ,220802,4.09,4.13,4.055,4.12,3988021
AZL,220802,.074,.074,.071,.072,8584007
AZLO,220802,.016,.016,.013,.016,1276678
AZS,220802,.205,.22,.2,.205,337943
AZY,220802,.036,.036,.034,.035,2442371
B4P,220802,.6,.6,.56,.58,17724
BAP,220802,6.62,6.74,6.62,6.71,564908
BAS,220802,.04,.042,.04,.041,570039
BAT,220802,.006,.006,.006,.006,865000
BBC,220802,.655,.655,.62,.62,171599
BBL,220802,1,1,1,1,46
BBN,220802,4.79,4.84,4.77,4.82,400143
BBOZ,220802,4.14,4.16,4.09,4.09,3488247
BBT,220802,.555,.56,.51,.525,363831
BBUS,220802,9.44,9.54,9.44,9.51,387505
BC8,220802,.395,.395,.36,.36,108507
BCA,220802,.225,.23,.22,.23,102500
BCB,220802,.28,.29,.275,.275,2420710
BCI,220802,.26,.26,.24,.245,940187
BCN,220802,.03,.03,.029,.03,288407
BCNOB,220802,.004,.004,.003,.003,1040000
BCT,220802,.036,.036,.036,.036,265000
BDG,220802,.06,.06,.054,.054,34903
BDM,220802,.14,.155,.14,.155,45428
BDT,220802,.195,.195,.195,.195,8899
BDX,220802,.091,.091,.09,.09,78132
BEAR,220802,8.94,8.95,8.89,8.9,41562
BEM,220802,.093,.094,.091,.091,186590
BEN,220802,10.45,10.67,10.39,10.67,1598778
BENJOG,220802,4.35,4.46,4.34,4.46,11500
BENPG,220802,102.42,105.75,102.42,103.99,2239
BENPH,220802,102.71,103.3,102.71,103.3,4725
BET,220802,.445,.455,.44,.445,2418040
BEX,220802,.022,.024,.021,.021,6470053
BEZ,220802,.035,.035,.035,.035,25000
BFC,220802,.074,.076,.073,.074,342561
BFG,220802,1.165,1.18,1.145,1.18,38124
BFL,220802,5.15,5.15,5,5,2100
BGA,220802,3.45,3.49,3.42,3.48,677840
BGD,220802,.18,.18,.18,.18,55538
BGL,220802,.83,.83,.815,.825,760176
BHP,220802,38.57,38.68,38.19,38.58,8275962
BHPJCC,220802,20.92,20.92,20.92,20.92,1000
BHPJOL,220802,13.98,13.98,13.98,13.98,71
BHPKCC,220802,7.21,7.45,7.06,7.45,34400
BHPKCD,220802,7.85,7.85,7.85,7.85,500
BHPKCG,220802,5.6,5.74,5.6,5.74,2000
BHPKCT,220802,7.4,7.43,7.4,7.43,6500
BHPKOC,220802,13.69,13.76,13.55,13.76,10000
BHPSOB,220802,31.42,31.42,31.42,31.42,160
BHPSOC,220802,23.69,23.69,23.69,23.69,2500
BHYB,220802,9.83,9.83,9.78,9.78,38132
BILL,220802,100.37,100.37,100.34,100.34,35247
BIM,220802,.17,.17,.17,.17,15000
BIO,220802,.09,.09,.088,.088,33106
BIR,220802,.029,.029,.029,.029,344827
BIS,220802,1.875,1.875,1.845,1.845,512
BIT,220802,.06,.06,.057,.06,220815
BKG,220802,.315,.315,.3,.3,303243
BKI,220802,1.75,1.77,1.74,1.76,543021
BKL,220802,75.8,77.72,75.18,77.49,28906
BKT,220802,.17,.17,.165,.167,347040
BKW,220802,21.15,21.39,21.06,21.24,197853
BKY,220802,.34,.34,.34,.34,44809
BLD,220802,2.9,2.91,2.85,2.88,481177
BLG,220802,.025,.025,.024,.025,2567333
BLU,220802,.065,.065,.062,.062,5860578
BLX,220802,2.2,2.25,2.12,2.12,20612
BLZ,220802,.025,.032,.025,.031,1201744
BLZOB,220802,.008,.008,.008,.008,923970
BME,220802,.07,.07,.065,.065,137513
BMG,220802,.032,.032,.032,.032,216666
BML,220802,.22,.22,.21,.215,52482
BMM,220802,.22,.22,.22,.22,27723
BMN,220802,2.16,2.18,2.04,2.09,303271
BMR,220802,.19,.19,.185,.185,302984
BNDS,220802,24.1,24.26,24.1,24.21,23718
BNKS,220802,5.96,5.96,5.87,5.89,33004
BNL,220802,.029,.029,.028,.028,1195858
BNO,220802,.052,.052,.05,.051,12086
BNR,220802,.11,.11,.105,.105,2032721
BNRO,220802,.05,.05,.05,.05,9968
BNZ,220802,.375,.375,.37,.375,59700
BOC,220802,.3,.3,.29,.29,114671
BOD,220802,.1,.105,.1,.1,15962
BOE,220802,2.24,2.38,2.23,2.35,1494699
BOL,220802,.165,.165,.165,.165,522373
BOND,220802,24.81,24.94,24.81,24.94,2877
BOQ,220802,7.4,7.52,7.4,7.52,1777107
BOQKCE,220802,1.61,1.61,1.61,1.61,3257
BOQPE,220802,102.7,102.7,102.11,102.11,1232
BOQPF,220802,102.84,102.85,102.21,102.8,1874
BOT,220802,.08,.081,.079,.081,340964
BPH,220802,.016,.016,.015,.016,1106192
BPM,220802,.165,.165,.165,.165,7507
BPMOA,220802,.02,.02,.02,.02,189614
BPT,220802,1.785,1.807,1.78,1.8,5273985
BRB,220802,.21,.235,.21,.21,218155
BRG,220802,21.2,21.69,21.01,21.62,261130
BRGKOB,220802,6.81,7.06,6.81,7.06,3000
BRK,220802,.017,.018,.016,.016,5193497
BRL,220802,1.01,1.02,1.005,1.005,13262
BRN,220802,1.035,1.065,1.005,1.04,10204750
BRU,220802,.13,.13,.125,.13,800549
BRV,220802,.35,.35,.347,.35,36820
BRX,220802,.335,.335,.325,.33,107322
BRXO,220802,.032,.032,.032,.032,30000
BSAO,220802,.016,.016,.016,.016,206215
BSE,220802,.29,.3,.29,.3,301887
BSL,220802,16.59,16.59,16.08,16.35,1564640
BST,220802,2.5,2.57,2.44,2.5,27938
BSX,220802,.195,.205,.19,.19,1129289
BTH,220802,.695,.72,.685,.695,447349
BTI,220802,1.43,1.44,1.415,1.415,155970
BTR,220802,.02,.02,.018,.018,335804
BUB,220802,.575,.585,.57,.58,2065348
BUX,220802,.088,.088,.088,.088,17800
BUY,220802,.007,.007,.007,.007,637568
BUYO,220802,.004,.004,.004,.004,125000
BVR,220802,.225,.25,.225,.25,91000
BVS,220802,1.525,1.535,1.445,1.455,745099
BWP,220802,4.28,4.28,4.21,4.23,732729
BWX,220802,.7,.72,.68,.69,853309
BXB,220802,11.54,11.63,11.45,11.56,3828531
BYE,220802,.15,.15,.145,.145,532571
BYH,220802,.03,.03,.029,.029,335987
BYHOA,220802,.003,.003,.003,.003,33333
C1X,220802,.15,.16,.15,.16,11250
C2FHA,220802,99.76,99.76,99.55,99.55,150
C6C,220802,1.78,1.805,1.745,1.8,31318
C79,220802,3.72,3.72,3.6,3.63,19452
CAA,220802,8.51,8.52,8,8,20424
CAD,220802,.005,.006,.005,.005,1020000
CADOA,220802,.001,.001,.001,.001,400000
CAE,220802,.225,.23,.22,.23,98637
CAI,220802,.72,.73,.71,.71,677689
CAJ,220802,.28,.28,.275,.275,40834
CAM,220802,.81,.82,.805,.805,37893
CAN,220802,.3,.3,.29,.29,170145
CAR,220802,20.75,21.33,20.68,21.28,1023092
CAT,220802,.95,1,.95,1,52666
CAU,220802,.28,.28,.275,.28,362975
CAV,220802,.007,.007,.006,.006,17630754
CAY,220802,.048,.05,.048,.05,182650
CAZ,220802,.041,.041,.039,.04,350100
CBA,220802,100.99,102.27,100.43,101.97,1905527
CBAJOE,220802,41.3,41.44,41.3,41.44,1000
CBAKCF,220802,21.05,21.05,21.05,21.05,1300
CBAKCT,220802,20.2,20.2,20.2,20.2,500
CBAKOD,220802,26.7,26.7,26.7,26.7,30
CBAKOW,220802,22.65,22.9,22.65,22.9,440
CBAMOP,220802,26.43,26.43,26.43,26.43,200
CBAPD,220802,100.6,100.7,100.521,100.6,94634
CBAPG,220802,103.39,103.39,103.1,103.39,5894
CBAPH,220802,103.01,103.5,103.01,103.37,7531
CBAPI,220802,100.65,100.86,100.58,100.86,11506
CBAPJ,220802,100,100,99.82,99.92,21691
CBAPK,220802,99.18,99.18,98.73,99.05,10825
CBE,220802,.205,.25,.175,.18,21184840
CBH,220802,.17,.17,.165,.17,40000
CBL,220802,.205,.23,.205,.23,4543
CBO,220802,1.41,1.415,1.37,1.4,81945
CBR,220802,.4,.402,.387,.395,225533
CBTC,220802,6.07,6.07,6.07,6.07,159
CCE,220802,.002,.002,.002,.002,694635
CCG,220802,.085,.086,.085,.086,300178
CCP,220802,21.11,23.54,20.31,23.02,1747212
CCPKOB,220802,11.47,11.47,11.47,11.47,500
CCR,220802,.42,.42,.4,.42,52801
CCV,220802,.25,.25,.24,.24,132023
CCX,220802,2.41,2.41,2.24,2.29,1306639
CCZ,220802,.014,.015,.014,.014,1153112
CD1,220802,1.06,1.1,1.05,1.1,9750
CD2,220802,1.38,1.38,1.38,1.38,10000
CD3,220802,1.5,1.5,1.49,1.49,14122
CDA,220802,8.74,8.77,8.59,8.69,452200
CDD,220802,.425,.425,.37,.395,265678
CDM,220802,.925,.935,.925,.93,237782
CDP,220802,4.4,4.4,4.35,4.4,3857
CDT,220802,.028,.028,.027,.028,736130
CDTO,220802,.014,.015,.014,.015,200000
CDX,220802,.37,.38,.37,.38,25018
CE1,220802,.14,.14,.13,.13,2436900
CEL,220802,.195,.195,.195,.195,200498
CEN,220802,6.89,6.9,6.81,6.9,1759
CETF,220802,56.56,56.56,55.71,56.39,1203
CF1,220802,.079,.079,.078,.079,166018
CFO,220802,.004,.004,.004,.004,16000
CG1,220802,.14,.14,.12,.13,1067295
CGB,220802,.025,.025,.025,.025,109000
CGC,220802,2.53,2.56,2.49,2.5,2254074
CGF,220802,7.08,7.1,6.97,6.97,1112636
CGFPB,220802,102.04,102.3,102.04,102.2,6227
CGFPC,220802,104.86,105.4,104.86,105.4,1308
CGO,220802,.48,.48,.48,.48,1250
CGS,220802,1.85,1.865,1.82,1.82,26946
CHC,220802,12.47,12.49,12.12,12.28,1302924
CHK,220802,.009,.009,.009,.009,158730
CHL,220802,2.67,2.75,2.57,2.75,28228
CHM,220802,.135,.135,.125,.125,454303
CHN,220802,4.8,4.82,4.57,4.64,1258793
CHNKOC,220802,2.1,2.13,2.1,2.11,8000
CHR,220802,.53,.53,.51,.51,13739
CHZ,220802,.089,.094,.089,.094,593942
CI1,220802,.105,.105,.105,.105,7367
CIA,220802,4.95,4.95,4.66,4.71,3786105
CIN,220802,29.8,30,29.8,30,2171
CIP,220802,3.07,3.07,2.99,2.99,1729809
CIW,220802,.51,.51,.5,.5,15400
CKA,220802,.18,.19,.175,.19,2265680
CKF,220802,10.43,10.53,10.38,10.51,257463
CL8,220802,.035,.035,.035,.035,27513
CLA,220802,.014,.014,.013,.013,14881205
CLAO,220802,.004,.004,.003,.003,1092979
CLDD,220802,9.66,9.74,9.63,9.74,11770
CLE,220802,.003,.004,.003,.004,110002
CLG,220802,.45,.46,.425,.43,97972
CLNE,220802,9.5,9.55,9.42,9.52,126446
CLT,220802,.029,.029,.029,.029,55493
CLU,220802,.48,.48,.44,.45,98799
CLV,220802,1.08,1.1,1.08,1.1,56734
CLW,220802,4.54,4.56,4.41,4.44,2329288
CLX,220802,1.055,1.055,1.055,1.055,4519
CLZ,220802,.036,.037,.036,.037,1580095
CLZOA,220802,.003,.005,.003,.003,209490
CM8,220802,.026,.026,.026,.026,600259
CML,220802,.012,.012,.011,.012,1671161
CMM,220802,3.93,4.13,3.92,4.12,1546189
CMO,220802,.14,.15,.14,.15,39585
CMP,220802,.19,.19,.19,.19,3000
CMW,220802,.85,.85,.825,.83,3159950
CMX,220802,.155,.155,.155,.155,2
CNB,220802,.98,1,.91,.91,301263
CNEW,220802,7.5,7.5,7.23,7.38,19437
CNI,220802,2.08,2.09,1.945,1.96,1928045
CNJ,220802,.029,.033,.029,.032,40254026
CNJO,220802,.018,.021,.018,.021,7149842
CNQ,220802,.57,.58,.565,.58,7198
CNR,220802,.3,.305,.3,.305,45977
CNU,220802,7.19,7.2,7.12,7.19,314759
CNW,220802,.031,.031,.031,.031,12793
COB,220802,.825,.835,.765,.785,793094
COD,220802,.29,.297,.29,.29,43022
COE,220802,.225,.235,.22,.22,2855192
COF,220802,1.83,1.83,1.665,1.7,8134158
COG,220802,1.93,1.95,1.875,1.89,154782
COH,220802,218.71,219.72,215.78,219.26,108947
COI,220802,.19,.19,.185,.185,115735
COL,220802,18.9,19.28,18.9,19.21,3212715
COLKCR,220802,6.9,6.9,6.9,6.9,1000
COLKCS,220802,5.46,5.46,5.25,5.25,2000
COO,220802,.037,.037,.037,.037,100000
COS,220802,.6,.6,.6,.6,32750
CPM,220802,.475,.475,.475,.475,4964
CPN,220802,.48,.48,.465,.465,168129
CPO,220802,.18,.18,.175,.175,83207
CPT,220802,.009,.009,.009,.009,1249977
CPU,220802,25.37,25.51,25.17,25.38,1532953
CPV,220802,.265,.27,.26,.26,117487
CQE,220802,3.77,3.78,3.72,3.76,531688
CQR,220802,4.2,4.2,4.05,4.07,1431359
CR9,220802,.044,.044,.044,.044,165714
CRED,220802,22.64,22.68,22.58,22.65,21312
CRN,220802,1.43,1.43,1.385,1.42,3843017
CRR,220802,.05,.053,.045,.045,17503654
CRS,220802,.09,.09,.085,.085,76000
CRYP,220802,2.96,3,2.93,2.96,25066
CSE,220802,.105,.105,.105,.105,29254
CSF,220802,.17,.17,.17,.17,4323
CSL,220802,295.21,297.98,293.44,296.85,566982
CSLKOB,220802,89.75,89.75,88.3,88.3,500
CSR,220802,4.57,4.61,4.52,4.59,1734748
CSRKOD,220802,1.215,1.215,1.215,1.215,8000
CSS,220802,.55,.57,.55,.57,201893
CST,220802,.15,.17,.145,.17,213463
CTD,220802,18.32,18.7,17.99,18.7,537250
CTDKCB,220802,5.6,5.6,5.5,5.5,350
CTE,220802,.66,.67,.66,.67,63760
CTM,220802,.96,.97,.925,.935,608267
CTO,220802,.006,.006,.006,.006,60000
CTP,220802,.105,.105,.105,.105,594972
CTQ,220802,.081,.084,.081,.084,37085
CTT,220802,.555,.6,.53,.59,764614
CTV,220802,.006,.006,.006,.006,136259
CU6,220802,.6,.6,.58,.58,74027
CUE,220802,.065,.066,.065,.065,311477
CUL,220802,.014,.015,.014,.015,489931
CUP,220802,.69,.7,.69,.69,335387
CURE,220802,38.72,38.72,38.59,38.7,790
CUS,220802,.205,.205,.2,.2,22500
CUV,220802,18.29,18.79,17.9,18.73,110960
CV1,220802,.125,.125,.12,.12,214933
CVC,220802,2.34,2.34,2.34,2.34,4
CVCG,220802,98.5,98.5,98.5,98.5,727
CVL,220802,.59,.59,.59,.59,80920
CVN,220802,.205,.21,.2,.2,1095797
CVW,220802,.655,.675,.655,.675,36221
CWP,220802,4.02,4.05,3.95,4.05,22394
CWY,220802,2.75,2.75,2.69,2.71,3403250
CXL,220802,6.24,6.35,6.15,6.3,144794
CXM,220802,.145,.15,.14,.145,822565
CXO,220802,1.18,1.185,1.125,1.125,10291111
CXU,220802,.012,.013,.01,.01,4548766
CXZ,220802,.01,.01,.01,.01,2500000
CY5,220802,.205,.225,.205,.217,293037
CYC,220802,1.415,1.415,1.41,1.41,1284
CYG,220802,1.245,1.245,1.225,1.225,8312
CYL,220802,1.2,1.2,1.2,1.2,5000
CYM,220802,.115,.115,.11,.11,933134
CYP,220802,.405,.405,.4,.4,22506
CZL,220802,.021,.023,.021,.021,3231346
CZLOB,220802,.005,.006,.005,.005,1850000
CZN,220802,.019,.019,.019,.019,2632
CZR,220802,.017,.017,.016,.016,1213603
D2O,220802,1.725,1.725,1.705,1.705,15063
DBBF,220802,23.36,23.36,23.26,23.28,247
DBF,220802,1.92,1.92,1.9,1.9,2245
DBI,220802,2.08,2.1,2.07,2.09,452938
DBO,220802,.052,.052,.052,.052,116288
DC2,220802,.069,.069,.069,.069,10
DCC,220802,.045,.047,.044,.044,2977411
DCG,220802,.145,.17,.145,.165,389907
DCN,220802,.11,.125,.11,.115,4502207
DCX,220802,.005,.005,.005,.005,1219604
DDB,220802,.31,.31,.3,.3,22172
DDD,220802,.002,.002,.002,.002,3550000
DDH,220802,.81,.82,.795,.82,1082234
DDR,220802,11.2,11.2,10.905,11.16,272125
DDT,220802,.006,.006,.006,.006,350748
DEG,220802,.92,.95,.905,.94,4275634
DEL,220802,.125,.125,.115,.12,72042
DEM,220802,.17,.175,.145,.15,373461
DEV,220802,.28,.29,.28,.285,334693
DEX,220802,.077,.077,.077,.077,2597
DGGF,220802,24,24.11,23.75,23.75,6118
DGL,220802,2.54,2.54,2.43,2.44,128059
DGR,220802,.05,.05,.049,.049,87995
DHG,220802,3.53,3.55,3.44,3.55,660427
DHGKCC,220802,1.49,1.49,1.49,1.49,5000
DHHF,220802,27.29,27.29,26.8,26.97,15859
DJRE,220802,21.2,21.2,20.87,21.06,15989
DJW,220802,2.93,2.95,2.92,2.93,139212
DJXKCX,220802,36,36,36,36,1500
DKM,220802,.29,.29,.29,.29,7706
DLM,220802,.053,.055,.051,.051,277507
DM1,220802,.24,.25,.24,.25,91110
DME,220802,.26,.26,.26,.26,1000
DMM,220802,.1,.1,.1,.1,49999
DMMO,220802,.017,.017,.017,.017,37500
DMP,220802,72.2,74.15,71.85,73.88,232032
DNA,220802,.04,.04,.039,.04,207500
DNK,220802,.255,.265,.245,.26,170022
DOC,220802,.22,.22,.2,.205,166059
DOU,220802,.033,.034,.032,.034,839898
DOW,220802,5.51,5.52,5.43,5.48,1510236
DRE,220802,.067,.068,.065,.068,10496518
DRIV,220802,9.06,9.06,8.97,9.06,10382
DRM,220802,.225,.23,.225,.23,8128
DRO,220802,.185,.195,.185,.19,618839
DRR,220802,4.45,4.48,4.38,4.46,691484
DRUG,220802,7.72,7.72,7.63,7.63,27778
DRX,220802,.036,.04,.036,.039,17108332
DSE,220802,.2,.2,.185,.185,164365
DSK,220802,2.18,2.19,2.13,2.15,50987
DTC,220802,.25,.255,.24,.245,146529
DTL,220802,6.04,6.15,5.93,6.13,208230
DTM,220802,.075,.075,.074,.075,38196
DTR,220802,.096,.096,.096,.096,20000
DTZ,220802,.28,.3,.27,.27,71613
DUB,220802,.64,.655,.62,.64,1566709
DUG,220802,.43,.43,.4,.4,122725
DUI,220802,4.86,4.92,4.86,4.92,16994
DUN,220802,.14,.14,.125,.14,242642
DUNO,220802,.03,.03,.03,.03,125000
DVDY,220802,21.94,21.95,21.94,21.95,17505
DVL,220802,.013,.013,.012,.012,337651
DVP,220802,2.39,2.44,2.28,2.39,175740
DVR,220802,.95,.97,.95,.95,18390
DW8,220802,.016,.016,.014,.015,10257287
DXB,220802,.17,.17,.16,.16,133866
DXC,220802,3.13,3.13,3,3.07,1540080
DXI,220802,2.91,2.92,2.87,2.9,322057
DXN,220802,.006,.006,.004,.005,29912919
DXS,220802,9.6,9.62,9.29,9.35,2611358
DYL,220802,.76,.76,.725,.735,726840
DZZF,220802,24.47,24.47,24.1,24.12,2397
E200,220802,22.51,22.51,22.51,22.51,800
E25,220802,.54,.54,.515,.52,324058
E2M,220802,.15,.15,.145,.15,26524
E33,220802,.046,.046,.043,.043,393405
E79,220802,.13,.13,.13,.13,10000
EAI,220802,.8,.8,.8,.8,102475
EBG,220802,1.065,1.065,1.065,1.065,14649
EBND,220802,9.27,9.31,9.25,9.25,6432
EBO,220802,35.09,35.75,34.71,35.3,24868
EBR,220802,.672,.672,.65,.65,14433
EBTC,220802,3.29,3.29,3.25,3.25,3902
ECF,220802,.985,.99,.97,.98,237786
ECL,220802,2,2,2,2,1000
ECP,220802,1.09,1.09,1.09,1.09,600
ECS,220802,.025,.025,.025,.025,1092427
ECT,220802,.019,.023,.018,.022,23035313
ECTOE,220802,.003,.004,.003,.004,3642853
ECX,220802,2.7,2.7,2.62,2.64,813133
EDC,220802,.96,.96,.95,.95,6000
EDE,220802,.009,.01,.009,.009,628036
EDU,220802,.135,.14,.135,.14,240000
EDV,220802,7.99,8.12,7.98,8.11,2708044
EDVKCD,220802,2.38,2.38,2.38,2.38,1262
EEG,220802,.24,.24,.23,.235,304501
EETH,220802,2.3,2.33,2.23,2.28,9477
EEU,220802,13.76,13.76,13.76,13.76,1000
EFE,220802,.024,.025,.024,.025,1583128
EFEOA,220802,.012,.012,.011,.011,562393
EGG,220802,3.09,3.09,2.94,2.96,85324
EGH,220802,.58,.58,.58,.58,10406
EGL,220802,.2,.21,.2,.205,119045
EGR,220802,.285,.285,.28,.285,418436
EGY,220802,.065,.065,.065,.065,10000
EHE,220802,1.965,2.02,1.965,2,119505
EHL,220802,.75,.755,.74,.75,185285
EIGA,220802,3.58,3.58,3.56,3.56,2875
EINC,220802,8.36,8.36,8.34,8.34,9574
EL8,220802,.445,.45,.43,.445,264398
ELD,220802,11.71,11.78,11.49,11.61,609285
ELE,220802,.033,.034,.031,.032,1247529
ELO,220802,2.85,2.92,2.79,2.85,142950
ELS,220802,.365,.365,.33,.35,98090
ELT,220802,.405,.41,.4,.4,135094
EM1,220802,.014,.014,.014,.014,1145949
EM2,220802,.235,.245,.225,.225,369975
EMB,220802,10.2,10.2,10.2,10.2,140
EMD,220802,.22,.22,.21,.22,54651
EMH,220802,.675,.695,.675,.695,148817
EMKT,220802,18.73,18.73,18.57,18.66,1487
EML,220802,1.025,1.055,.985,1.005,3570523
EMLKOC,220802,.41,.41,.41,.41,20000
EMMG,220802,5.29,5.29,5.25,5.29,48592
EMN,220802,.31,.315,.3,.305,165564
EMP,220802,.029,.03,.027,.028,1435286
EMR,220802,1.095,1.15,1.07,1.15,238415
EMS,220802,.16,.165,.14,.14,135359
EMT,220802,.012,.013,.012,.012,335954
EMU,220802,.012,.012,.012,.012,150000
EMV,220802,1.615,1.615,1.52,1.54,11739
ENN,220802,1.63,1.675,1.63,1.65,55152
ENR,220802,.145,.145,.145,.145,36000
ENT,220802,.013,.013,.012,.012,28408
EOF,220802,.315,.315,.295,.295,35000
EOL,220802,5.26,5.35,5.25,5.26,12954
EOS,220802,.93,.93,.865,.9,299437
EP1,220802,.5,.505,.48,.485,145458
EPN,220802,.038,.038,.035,.035,301789
EPX,220802,.065,.065,.065,.065,2500
EPY,220802,.5,.5,.495,.5,201340
EQN,220802,.145,.145,.145,.145,50000
EQR,220802,.05,.05,.048,.048,555588
EQS,220802,.079,.079,.078,.078,40000
EQT,220802,25.71,26.78,25.71,26.78,1816
EQX,220802,.18,.18,.175,.18,33881
ERA,220802,.25,.25,.25,.25,20530
ERD,220802,1.91,1.91,1.85,1.9,5049
ERF,220802,1.13,1.13,1.12,1.12,663705
ERG,220802,.019,.019,.019,.019,133130
ERL,220802,.007,.007,.007,.007,587936
ERM,220802,.1,.1,.093,.097,327772
ERTH,220802,10.9,10.9,10.8,10.9,30868
ERW,220802,.19,.19,.19,.19,9474
ESGI,220802,26.57,26.71,26.47,26.71,13949
ESK,220802,.375,.41,.375,.41,81330
ESPO,220802,8.91,8.91,8.79,8.88,18403
ESR,220802,.016,.017,.015,.017,3048317
ESS,220802,.47,.47,.435,.45,838314
ESTX,220802,62.16,62.51,62,62.51,1273
ETHI,220802,11.02,11.04,10.93,11.04,466129
ETPMAG,220802,27.01,27.22,27,27.22,37300
ETPMPD,220802,293.61,293.61,293.61,293.61,1
ETPMPM,220802,199,199.66,199,199.66,112
ETPMPT,220802,122.76,122.76,122.76,122.76,48
EUR,220802,.078,.078,.075,.078,1904338
EUROA,220802,.031,.032,.028,.031,309546
EV1,220802,.395,.395,.395,.395,1377
EVN,220802,2.65,2.69,2.62,2.68,14479380
EVNJOD,220802,1.065,1.085,1.065,1.085,25900
EVNKCA,220802,.975,.975,.975,.975,2000
EVO,220802,.56,.56,.535,.555,64181
EVR,220802,.027,.028,.026,.028,1025713
EVS,220802,.17,.17,.165,.165,275002
EVT,220802,14.1,14.27,13.93,14.26,73866
EVZ,220802,.19,.19,.19,.19,12000
EWC,220802,.057,.057,.054,.054,523231
EX1,220802,.165,.165,.16,.16,68013
EX20,220802,19.02,19.1,18.97,19.08,16507
EXL,220802,.041,.042,.04,.04,93549
EXP,220802,.23,.26,.23,.26,51858
EXR,220802,.16,.16,.155,.155,74813
EYE,220802,.2,.2,.2,.2,30000
EZL,220802,1.655,1.655,1.635,1.645,2561
EZZ,220802,.32,.325,.32,.325,13595
F100,220802,9.73,9.81,9.72,9.81,45775
FAIR,220802,17.76,17.79,17.65,17.77,176637
FAL,220802,.222,.225,.22,.22,123010
FANG,220802,12.72,12.77,12.61,12.77,44196
FAR,220802,.835,.835,.82,.83,47549
FATP,220802,1.14,1.14,1.14,1.14,8772
FAU,220802,.008,.008,.008,.008,1050000
FBR,220802,.036,.036,.034,.035,1201753
FBU,220802,4.63,4.68,4.59,4.63,687618
FCL,220802,1.9,1.92,1.725,1.87,229142
FCT,220802,.052,.053,.052,.052,14284
FDEM,220802,23,23,23,23,1
FDR,220802,.085,.085,.083,.083,96258
FDV,220802,.92,.92,.875,.9,223596
FEG,220802,.385,.385,.385,.385,9877
FEMX,220802,5.58,5.6,5.54,5.6,12991
FEX,220802,.29,.29,.28,.285,1066970
FFG,220802,.03,.031,.029,.03,1146731
FFI,220802,5,5,5,5,193
FFT,220802,.038,.038,.035,.035,99666
FG1,220802,.1,.1,.098,.098,43746
FGG,220802,1.2,1.215,1.18,1.195,264654
FGL,220802,.018,.018,.018,.018,1667
FGR,220802,.145,.145,.13,.135,909579
FGX,220802,1.195,1.2,1.19,1.19,119227
FGXO,220802,.001,.001,.001,.001,67329
FHE,220802,.25,.265,.25,.25,354350
FHS,220802,.017,.017,.016,.016,332185
FID,220802,7.39,7.39,7.35,7.35,630
FIJ,220802,.029,.03,.029,.03,50083
FLC,220802,.215,.225,.215,.225,381449
FLN,220802,.34,.34,.33,.33,75200
FLOT,220802,24.7,24.72,24.7,24.7,10652
FLT,220802,17.12,17.22,16.82,17.16,983004
FLTKCD,220802,4.28,4.28,4.25,4.25,2000
FME,220802,.142,.145,.14,.14,4238
FMG,220802,17.9,17.98,17.47,17.9,9001051
FMGJCD,220802,4.79,4.96,4.79,4.91,169600
FMGJOA,220802,6.58,6.93,6.58,6.91,26500
FMGKCA,220802,2.64,2.72,2.64,2.72,6600
FMGKCB,220802,3.5,3.74,3.4,3.74,28500
FMGKCD,220802,4.3,4.3,4.13,4.26,21500
FMGKCW,220802,4.7,4.76,4.7,4.76,4254
FMGKOB,220802,2.35,2.35,2.35,2.35,1470
FMGKOC,220802,5.86,5.88,5.78,5.88,20000
FMGKOG,220802,4.38,4.38,4.38,4.38,3400
FMGKOQ,220802,6.48,6.57,6.48,6.57,5000
FMGSO3,220802,9.65,9.65,9.65,9.65,103
FMGSOD,220802,9.64,9.64,9.64,9.64,500
FML,220802,.14,.14,.14,.14,81000
FOD,220802,.025,.025,.024,.024,920260
FOOD,220802,7.38,7.38,7.31,7.33,33361
FOR,220802,1.35,1.35,1.335,1.34,61510
FPH,220802,19.6,19.67,19.18,19.24,536161
FPP,220802,.875,.875,.875,.875,83
FRB,220802,.2,.202,.2,.2,25534
FRE,220802,.32,.32,.32,.32,11376
FRS,220802,.16,.16,.16,.16,2213
FRX,220802,.04,.043,.039,.041,464492
FSG,220802,.12,.12,.12,.12,9809
FTEC,220802,6.77,6.83,6.77,6.83,43
FTL,220802,.245,.245,.235,.235,61825
FUEL,220802,5.84,5.84,5.79,5.81,62575
FXG,220802,.145,.145,.115,.115,333652
FXUKCJ,220802,5.46,5.46,5.46,5.46,600
FXUKOV,220802,9.7,9.7,9.7,9.7,250
FXUKOZ,220802,7.92,7.92,7.92,7.92,2000
FXUMOE,220802,8.65,8.65,8.65,8.65,448
FXYKOD,220802,7.89,7.89,7.89,7.89,235
FXYKOU,220802,18.4,18.4,18.4,18.4,267
FYI,220802,.18,.185,.175,.175,91057
FZO,220802,.33,.355,.33,.35,1324948
G1A,220802,.14,.145,.135,.135,884569
G50,220802,.15,.15,.15,.15,34075
G6M,220802,.205,.23,.205,.225,1366885
G88,220802,.027,.027,.023,.027,1171965
GAL,220802,1.13,1.2,1.09,1.125,1792186
GAME,220802,9.46,9.5,9.46,9.5,148
GAP,220802,.285,.285,.275,.275,315076
GAS,220802,.29,.29,.27,.28,77272
GBE,220802,.087,.087,.079,.079,10800
GBND,220802,22.21,22.22,22.21,22.22,317
GBR,220802,.094,.094,.091,.092,133919
GBZ,220802,.065,.065,.064,.065,279029
GC1,220802,.655,.655,.655,.655,55
GCAP,220802,9.04,9.04,9.04,9.04,8026
GCI,220802,1.995,2.01,1.99,2.01,228516
GCX,220802,.05,.05,.05,.05,51500
GCY,220802,.25,.25,.24,.245,432028
GDA,220802,.78,.78,.75,.775,10975
GDC,220802,1.56,1.565,1.525,1.53,46834
GDG,220802,1.43,1.43,1.43,1.43,1218
GDI,220802,.97,.97,.95,.955,374775
GDX,220802,37.6,37.75,37.24,37.57,63358
GEAR,220802,22.53,22.84,22.35,22.71,248375
GED,220802,.012,.012,.011,.012,1153102
GEDOB,220802,.006,.006,.005,.005,1080000
GEM,220802,1.06,1.07,1.03,1.04,1662262
GEMJOB,220802,.265,.265,.265,.265,10000
GEN,220802,.25,.255,.25,.25,164774
GGE,220802,.023,.024,.023,.023,294352
GGEO,220802,.004,.004,.004,.004,757576
GGG,220802,.054,.055,.053,.053,65781
GGOV,220802,18.72,18.76,18.68,18.69,29408
GGUS,220802,25.22,25.22,24.96,25,14268
GGX,220802,.002,.002,.002,.002,6634
GIB,220802,.045,.045,.045,.045,150000
GIVE,220802,3,3,2.98,2.98,22333
GL1,220802,1.485,1.485,1.345,1.4,623647
GLB,220802,4.8,4.8,4.8,4.8,574
GLH,220802,.315,.33,.315,.33,159500
GLL,220802,.29,.29,.28,.28,2085
GLLO,220802,.046,.046,.046,.046,312500
GLN,220802,1.175,1.18,1.125,1.135,694801
GLV,220802,.003,.003,.002,.003,37296952
GMA,220802,2.85,2.89,2.79,2.88,1085384
GMD,220802,1.41,1.47,1.41,1.455,639136
GME,220802,.105,.115,.105,.11,113808
GMG,220802,20.52,20.55,19.98,20.43,3492361
GMGKOQ,220802,6.54,6.54,6.51,6.51,4000
GML,220802,.009,.009,.009,.009,358730
GMN,220802,.006,.006,.006,.006,1178898
GMR,220802,.055,.058,.054,.058,204480
GNC,220802,8.4,8.4,7.88,8.23,2042535
GNE,220802,2.64,2.67,2.56,2.67,98850
GNG,220802,2.21,2.24,2.18,2.195,150324
GNM,220802,.005,.005,.005,.005,5022647
GNP,220802,1.16,1.225,1.16,1.22,21937
GNX,220802,.21,.215,.21,.21,1066469
GO2,220802,.012,.015,.011,.011,890250
GOAT,220802,23.21,23.41,23.21,23.41,601
GOLD,220802,23.45,23.71,23.45,23.69,295477
GOR,220802,1.38,1.427,1.38,1.42,4345866
GOVT,220802,24.58,24.64,24.58,24.64,427
GOW,220802,2.83,2.83,2.83,2.83,700
GOZ,220802,3.82,3.82,3.66,3.71,436006
GPEQ,220802,15.09,15.09,15.05,15.05,73
GPR,220802,.073,.073,.07,.071,783817
GPT,220802,4.53,4.53,4.35,4.36,8218602
GPTJOB,220802,.985,.985,.985,.985,50000
GQG,220802,1.45,1.535,1.45,1.495,372326
GRE,220802,.22,.22,.215,.22,16767
GRL,220802,.09,.09,.09,.09,287200
GRNV,220802,26.11,26.11,25.89,26,1713
GROW,220802,3.56,3.56,3.55,3.55,55604
GRR,220802,1.135,1.165,1.125,1.165,4128964
GRV,220802,.135,.135,.115,.115,655509
GRX,220802,.25,.25,.25,.25,71000
GSBE47,220802,94.971,95.528,94.808,95.09,601
GSBG23,220802,103.9,105,103.9,103.94,12065
GSBG24,220802,101.51,101.51,101.51,101.51,10000
GSBG25,220802,102.519,102.519,102.45,102.45,209
GSBG26,220802,106.241,106.613,106.241,106.403,920
GSBG27,220802,110.14,110.21,110.14,110.21,420
GSBG29,220802,103.451,103.451,103.451,103.451,200
GSBG33,220802,114.38,115.27,114.38,115.26,3223
GSBG37,220802,107.733,107.733,107.733,107.733,200
GSBI28,220802,97.29,97.29,97.29,97.29,504
GSBK39,220802,99.549,100,99.549,100,629
GSBK51,220802,70.856,71.15,70.819,71.15,677
GSBU27,220802,100.21,100.21,100.21,100.21,2519
GSBU29,220802,99.83,99.83,99.83,99.83,49
GSBU31,220802,83.81,83.81,83.81,83.81,15
GSBU33,220802,100,100.782,100,100.782,175
GSBW30,220802,85.54,85.54,85.54,85.54,71
GSIC50,220802,104.846,104.846,104.846,104.846,202
GSIQ25,220802,147.635,147.709,147.635,147.709,93
GSIQ30,220802,148.78,148.78,148.78,148.78,6
GSIU27,220802,114.72,114.86,114.72,114.82,555
GSM,220802,.049,.053,.049,.052,67673
GSN,220802,.038,.038,.035,.035,139416
GSR,220802,.05,.054,.049,.05,6680272
GSS,220802,1.055,1.115,1,1.115,38065
GT1,220802,.62,.625,.6,.61,177942
GTG,220802,.004,.004,.004,.004,257139
GTI,220802,.019,.019,.019,.019,512896
GTK,220802,1.285,1.285,1.245,1.27,30777
GTN,220802,.495,.495,.495,.495,2000
GTR,220802,.017,.017,.016,.016,4603676
GTRO,220802,.007,.007,.007,.007,671371
GUD,220802,8.9,8.91,8.63,8.79,254858
GUL,220802,.064,.064,.064,.064,16991
GVF,220802,1.15,1.15,1.13,1.13,38604
GW1,220802,.235,.235,.22,.22,44027
GWA,220802,2.13,2.13,2.09,2.12,90851
GWR,220802,.095,.099,.095,.099,4552
HACK,220802,8.25,8.3,8.2,8.3,82684
HAL,220802,.48,.48,.45,.45,37787
HAS,220802,4.17,4.17,4.1,4.1,20180
HAV,220802,.255,.255,.255,.255,136824
HBRD,220802,10.03,10.04,10,10.03,232724
HCD,220802,.015,.017,.015,.017,611000
HCH,220802,.715,.72,.675,.72,170583
HCT,220802,.041,.042,.041,.042,150000
HCW,220802,1.69,1.695,1.655,1.695,229630
HDN,220802,1.39,1.395,1.345,1.36,3912155
HE8,220802,.09,.09,.075,.081,985084
HETH,220802,11.34,11.36,11.33,11.33,4008
HEUR,220802,11.25,11.25,11.25,11.25,120
HFR,220802,.995,1,.945,1,182754
HGEN,220802,8.25,8.27,8.17,8.27,2750
HGO,220802,.05,.051,.05,.051,366987
HGV,220802,.063,.064,.063,.063,64138
HHR,220802,.029,.029,.027,.028,1435482
HIL,220802,.097,.097,.095,.095,217475
HIO,220802,.325,.34,.295,.3,6430941
HIQ,220802,.077,.077,.074,.074,41202
HIT,220802,1.99,1.99,1.99,1.99,5015
HJPN,220802,14.11,14.11,13.88,13.91,1124
HLA,220802,1.715,1.715,1.605,1.625,91325
HLF,220802,.052,.054,.052,.054,151216
HLO,220802,1.855,1.87,1.83,1.87,23178
HLS,220802,3.92,3.99,3.9,3.99,2005413
HLTH,220802,10.55,10.6,10.52,10.6,17573
HLX,220802,.007,.007,.007,.007,4000
HM1,220802,2.38,2.39,2.34,2.38,146561
HMC,220802,5.03,5.21,4.9,5.12,528527
HMD,220802,.145,.145,.145,.145,6500
HMG,220802,.14,.14,.14,.14,39007
HMX,220802,.066,.072,.066,.067,494081
HMY,220802,.75,.75,.75,.75,710
HNDQ,220802,28,28,27.82,27.83,27208
HNG,220802,.265,.265,.265,.265,89823
HPG,220802,1.435,1.435,1.372,1.4,94797
HPI,220802,3.4,3.4,3.26,3.29,191981
HPP,220802,.084,.084,.084,.084,27000
HPR,220802,.075,.075,.06,.063,80266
HQLT,220802,22.45,22.45,22.27,22.33,8202
HRL,220802,.16,.165,.16,.16,68765
HRN,220802,.4,.4,.395,.395,2571
HRZ,220802,.07,.075,.069,.075,517218
HSC,220802,.01,.01,.01,.01,200000
HSN,220802,5.7,5.87,5.7,5.85,125317
HT1,220802,1.3,1.3,1.285,1.3,50018
HT8,220802,.027,.027,.027,.027,31637
HTG,220802,.11,.11,.11,.11,342
HUB,220802,24.22,24.75,23.83,24.58,166339
HUBKOR,220802,5.94,5.94,5.87,5.87,500
HUM,220802,.51,.52,.495,.495,750057
HVM,220802,.048,.048,.048,.048,20103
HVN,220802,4.14,4.23,4.135,4.23,1969497
HVST,220802,12.36,12.38,12.29,12.38,24718
HVY,220802,.245,.245,.21,.215,28184
HXG,220802,.016,.016,.016,.016,2152957
HXL,220802,.011,.011,.011,.011,1211878
HYGG,220802,3.32,3.33,3.29,3.33,207506
HZN,220802,.135,.137,.135,.135,290301
HZR,220802,.655,.68,.65,.68,149399
IAA,220802,85.22,85.22,83.37,84.07,12952
IAF,220802,102.5,103.04,102.5,102.92,22563
IAG,220802,4.52,4.62,4.52,4.6,3993385
IAGPD,220802,102.59,102.59,102.25,102.3,3985
IAM,220802,.175,.175,.175,.175,10
IBC,220802,.495,.51,.495,.51,20176
IBG,220802,.027,.029,.027,.027,1776815
IBX,220802,.036,.037,.032,.033,1379842
ICE,220802,.026,.026,.026,.026,10
ICG,220802,.052,.054,.05,.052,1270900
ICI,220802,.105,.105,.1,.1,2092535
ICN,220802,.015,.015,.015,.015,422000
ICOR,220802,92.75,93.18,92.75,93.15,1946
ICR,220802,.04,.04,.04,.04,108725
ICT,220802,.14,.145,.137,.14,783185
ID8,220802,.057,.06,.056,.057,337862
IDA,220802,.055,.074,.055,.067,14290351
IDT,220802,.15,.15,.145,.145,222557
IDX,220802,3.25,3.33,3.22,3.32,854806
IEAT,220802,11.75,11.75,11.74,11.74,178
IEL,220802,27.69,28.41,27.56,28.29,357797
IEM,220802,56.34,56.34,55.635,56.34,10426
IESG,220802,24.84,24.86,24.81,24.83,13699
IEU,220802,63.71,63.93,63.32,63.9,12017
IEUSOB,220802,30.31,30.31,30.31,30.31,258
IFL,220802,3.16,3.16,3.095,3.14,1445471
IFLKCA,220802,.845,.845,.845,.845,7500
IFM,220802,1.565,1.605,1.565,1.59,194108
IFRA,220802,22.56,22.56,22.34,22.44,54713
IFT,220802,8.03,8.03,7.93,7.95,62274
IG6,220802,.275,.275,.27,.27,96963
IGB,220802,100.55,101.05,100.55,100.91,14144
IGL,220802,2.1,2.12,2.09,2.1,38678
IGN,220802,.098,.11,.098,.11,6446
IGO,220802,10.8,10.94,10.67,10.81,5177056
IGOKCB,220802,3.51,3.57,3.51,3.57,4000
IGOKOA,220802,5.18,5.18,5.18,5.18,75
IHCB,220802,97.38,97.74,97.38,97.47,4198
IHD,220802,13.05,13.12,13,13.12,17033
IHEB,220802,77.26,77.26,76.84,77,473
IHHY,220802,92.62,93,92.33,92.91,1342
IHL,220802,.195,.2,.195,.2,2748666
IHOO,220802,130.03,130.05,129.35,129.6,3004
IHR,220802,.069,.069,.069,.069,29256
IHVV,220802,393.25,393.25,391.81,392.06,654
IHWL,220802,39.17,39.17,38.92,39.07,12453
IIGF,220802,3.06,3.06,2.93,2.95,28516
IIND,220802,9.98,10,9.86,10,18275
IIQ,220802,.69,.7,.67,.67,82296
IJH,220802,357.27,358.64,356.48,358.64,230
IJP,220802,80.95,81.17,80.32,81.15,1959
IJR,220802,144.64,145.87,144.5,145.73,2682
IKE,220802,.75,.75,.7,.72,28576
IKO,220802,86.7,86.71,85.89,86.56,537
IKW,220802,1.28,1.3,1.28,1.3,3441
ILA,220802,.18,.18,.18,.18,1000
ILB,220802,122.62,123.12,122.3,123.03,3362
ILC,220802,26.78,26.95,26.76,26.9,9796
ILU,220802,9.13,9.68,9.13,9.58,3207040
IMA,220802,.145,.15,.145,.145,165869
IMB,220802,.092,.092,.092,.092,11
IMD,220802,1.775,1.79,1.75,1.775,1406908
IMI,220802,.14,.14,.13,.13,79957
IMM,220802,.325,.33,.32,.325,1095280
IMPQ,220802,4.95,4.95,4.89,4.92,3417
IMR,220802,.33,.33,.3,.305,100304
IMU,220802,.225,.23,.215,.23,15362180
IMUOC,220802,.17,.17,.17,.17,43041
INA,220802,4.78,4.78,4.66,4.75,1076800
INCM,220802,14.87,14.89,14.79,14.85,10365
IND,220802,.34,.35,.34,.35,16338
INES,220802,3.24,3.24,3.12,3.13,22198
INF,220802,.145,.145,.135,.135,638819
ING,220802,2.93,2.93,2.805,2.91,1890166
INIF,220802,2.78,2.78,2.77,2.78,16952
INP,220802,.015,.016,.015,.016,224303
INR,220802,.565,.565,.53,.53,8440726
IOD,220802,.265,.265,.265,.265,358
IOO,220802,97.68,98.22,97.2,98.22,30162
IOU,220802,.088,.105,.088,.1,12083016
IOZ,220802,28.11,28.24,28.01,28.2,267198
IOZSOA,220802,17.76,17.76,17.76,17.76,440
IOZSOC,220802,16,16,15.96,15.96,9360
IPAY,220802,9.15,9.15,9.15,9.15,1
IPD,220802,.07,.072,.069,.069,1318196
IPG,220802,1.995,2,1.94,1.945,2022
IPH,220802,8.86,8.86,8.53,8.75,410367
IPL,220802,3.63,3.64,3.59,3.63,4661383
IPT,220802,.008,.008,.007,.007,2151415
IPX,220802,.72,.72,.68,.68,65468
IR1,220802,.4,.405,.395,.4,213592
IRD,220802,.145,.15,.145,.15,2750
IRE,220802,11.55,11.7,11.44,11.69,595062
IRI,220802,.49,.51,.485,.51,55741
IRX,220802,.071,.071,.071,.071,83737
ISEC,220802,100.58,100.58,100.54,100.58,1528
ISO,220802,4.5,4.5,4.43,4.48,33343
ITM,220802,.36,.36,.34,.34,161721
IVC,220802,11.21,11.3,10.9,11.25,175071
IVE,220802,93.59,93.76,93.08,93.76,716
IVO,220802,.013,.013,.013,.013,100000
IVR,220802,.049,.049,.047,.047,1601875
IVV,220802,586.17,590,584.36,589.7,9386
IVVSOE,220802,374.52,374.52,374.52,374.52,20
IVX,220802,.01,.01,.01,.01,2850000
IVZ,220802,.21,.22,.205,.215,1853572
IWLD,220802,39.54,39.77,39.4,39.77,10846
IXC,220802,.53,.54,.525,.54,8000
IXI,220802,85.83,86.69,85.68,86.47,2001
IXJ,220802,118.43,118.93,117.57,118.65,9292
IXR,220802,.044,.046,.044,.045,9878556
IXU,220802,.05,.05,.047,.05,1932810
IYLD,220802,98.23,98.26,98.23,98.26,774
IZZ,220802,43.71,43.71,41.69,42.32,87412
IZZJOC,220802,20.1,20.1,20.1,20.1,85
JAL,220802,.078,.079,.078,.079,308787
JAN,220802,.45,.45,.44,.445,428452
JAT,220802,.017,.017,.017,.017,6234181
JAV,220802,.001,.001,.001,.001,3000000
JAY,220802,.17,.18,.17,.18,32007
JBH,220802,42.62,43.64,42.38,43.61,448533
JCS,220802,.063,.063,.06,.06,34450
JDO,220802,1.3,1.3,1.255,1.26,439459
JHG,220802,37.4,37.77,37.01,37.61,217372
JHGKCD,220802,9.89,9.89,9.89,9.89,1500
JHX,220802,36.2,36.2,35.08,35.56,873329
JIN,220802,14.6,14.6,14.21,14.47,146494
JLG,220802,7.54,7.6,7.4,7.44,621074
JMS,220802,.195,.195,.192,.195,149026
JNO,220802,.127,.13,.12,.12,19620
JPR,220802,.027,.027,.027,.027,147419
JRL,220802,2.58,2.58,2.45,2.52,12231
JRV,220802,.385,.405,.38,.39,4160491
JTL,220802,.006,.006,.006,.006,179447
JXT,220802,.026,.028,.026,.028,287144
JYC,220802,2.73,2.73,2.7,2.7,9500
KAI,220802,.028,.028,.027,.027,2162875
KAL,220802,.13,.13,.13,.13,35102
KAR,220802,1.72,1.765,1.715,1.765,3188483
KARKCC,220802,1.07,1.07,1.07,1.07,20000
KARKCG,220802,.925,.935,.925,.93,184158
KAT,220802,1.035,1.12,1.035,1.115,39179
KCC,220802,.075,.075,.07,.07,150000
KCN,220802,1.7,1.7,1.655,1.695,325725
KED,220802,1.21,1.225,1.16,1.16,1727
KFM,220802,.235,.235,.235,.235,39593
KGL,220802,.235,.24,.22,.22,127266
KGN,220802,4.32,4.32,4.1,4.28,868291
KIN,220802,.088,.093,.088,.091,101563
KKC,220802,1.905,1.925,1.905,1.925,176574
KKO,220802,.065,.07,.065,.067,167701
KLL,220802,.066,.069,.066,.068,1165621
KLS,220802,6.2,6.22,6,6.2,336796
KMD,220802,.985,1.01,.98,1,417270
KME,220802,.995,1.015,.975,.995,7575
KMT,220802,.028,.03,.028,.03,205106
KNG,220802,.13,.13,.13,.13,10000
KNI,220802,.75,.75,.71,.745,69551
KNM,220802,.021,.022,.021,.022,254395
KOB,220802,.14,.14,.125,.13,53126
KOR,220802,.02,.02,.019,.019,494798
KOV,220802,8.29,8.29,8.15,8.16,8085
KP2,220802,.019,.019,.019,.019,702897
KPG,220802,4.99,5.25,4.99,5.05,32769
KPO,220802,.02,.021,.02,.021,405690
KRM,220802,.056,.056,.055,.055,256076
KRR,220802,.019,.019,.018,.018,1796174
KSC,220802,1.71,1.71,1.71,1.71,27100
KSL,220802,.89,.895,.87,.875,312258
KSM,220802,2.36,2.36,2.34,2.34,6167
KSN,220802,.1,.1,.095,.096,408548
KSS,220802,.5,.5,.495,.5,141782
KTA,220802,.05,.051,.048,.049,647476
KTG,220802,.255,.257,.23,.23,757633
KWR,220802,.064,.064,.063,.063,130853
KYK,220802,.077,.078,.077,.077,163909
KZA,220802,.25,.255,.235,.245,901778
KZR,220802,.21,.22,.21,.22,70357
LAM,220802,.51,.51,.51,.51,11886
LAU,220802,.48,.48,.465,.465,138565
LAW,220802,.25,.25,.25,.25,24
LBL,220802,.75,.75,.745,.75,10482
LBT,220802,.074,.074,.071,.071,34411
LBY,220802,.088,.11,.088,.11,8553375
LCL,220802,.036,.036,.036,.036,566382
LCY,220802,.02,.021,.02,.021,314413
LDR,220802,.18,.18,.17,.17,293229
LDX,220802,.052,.053,.05,.05,572942
LEG,220802,.053,.054,.051,.051,514431
LEL,220802,.99,.99,.925,.955,210031
LER,220802,.024,.029,.024,.027,3111294
LEX,220802,.31,.315,.31,.31,162412
LFG,220802,4,4.05,4,4.04,2697
LFS,220802,1.615,1.615,1.575,1.575,10010
LFSPA,220802,96.499,96.5,96.27,96.27,258
LGL,220802,2.2,2.24,2.2,2.24,215
LGM,220802,.155,.155,.155,.155,50000
LGP,220802,.295,.3,.29,.295,160154
LIC,220802,16.55,16.85,16.45,16.73,222822
LIN,220802,.18,.18,.165,.17,3316339
LIO,220802,.037,.037,.037,.037,106005
LIOO,220802,.012,.012,.012,.012,290000
LIS,220802,.79,.79,.685,.7,708940
LIT,220802,.071,.073,.07,.071,1956479
LITOA,220802,.039,.039,.039,.039,25641
LKE,220802,.83,.837,.79,.805,16624399
LKO,220802,.001,.001,.001,.001,1637921
LLC,220802,10.2,10.25,9.97,10.04,1270838
LLL,220802,.46,.46,.44,.455,3626774
LLO,220802,1.52,1.52,1.52,1.52,2556
LM8,220802,.99,1.02,.92,.92,196040
LME,220802,.25,.25,.25,.25,500
LMG,220802,.09,.091,.088,.089,1132368
LNAS,220802,7.2,7.2,7.12,7.13,134292
LNK,220802,4.39,4.42,4.39,4.4,1907651
LNU,220802,.007,.007,.006,.007,2038676
LNY,220802,.005,.005,.004,.004,104352
LOM,220802,.057,.057,.054,.055,786939
LOT,220802,.235,.235,.225,.23,2065358
LOV,220802,16.94,17.72,16.83,17.7,171030
LPD,220802,.029,.029,.028,.029,10281526
LPE,220802,.06,.06,.06,.06,69
LPGD,220802,2.67,2.69,2.67,2.69,41601
LPI,220802,.52,.525,.495,.5,1698071
LPM,220802,.425,.435,.42,.42,35205
LRD,220802,.21,.21,.21,.21,81205
LRK,220802,2.88,2.95,2.79,2.8,62502
LRL,220802,.024,.024,.022,.022,476732
LRS,220802,.074,.075,.071,.071,5969095
LRT,220802,1.355,1.355,1.33,1.33,17812
LRV,220802,.21,.225,.2,.205,93327
LSA,220802,.016,.016,.016,.016,525407
LSF,220802,2.47,2.52,2.46,2.52,332932
LSGE,220802,2.21,2.21,2.21,2.21,28998
LSR,220802,.008,.008,.007,.007,1585357
LSX,220802,.44,.445,.44,.44,213485
LTR,220802,1.305,1.325,1.28,1.325,9433394
LTRKOC,220802,.635,.655,.635,.655,20900
LV1,220802,.14,.155,.14,.155,289329
LVH,220802,.32,.32,.29,.31,224194
LVT,220802,.039,.04,.026,.038,35887490
LYC,220802,8.9,8.98,8.8,8.88,3767947
LYL,220802,6.25,6.26,6.23,6.26,1565
LYN,220802,.26,.26,.25,.25,22596
M24,220802,.105,.125,.105,.12,34181
M2M,220802,.075,.08,.072,.08,310308
M2R,220802,.099,.105,.099,.105,10608
M3M,220802,.12,.12,.115,.115,157901
M7T,220802,.695,.695,.67,.675,174960
M8S,220802,.008,.008,.008,.008,470000
MAAT,220802,.9,.9,.9,.9,3075
MAD,220802,2.94,2.98,2.83,2.98,81936
MAET,220802,4.51,4.51,4.51,4.51,64618
MAF,220802,6.1,6.25,6.01,6.08,85895
MAG,220802,.068,.069,.066,.069,58000
MAH,220802,.15,.15,.142,.15,117613
MAM,220802,.695,.71,.695,.71,30071
MAN,220802,.038,.04,.037,.039,3234600
MAP,220802,.285,.285,.265,.27,16728
MAQ,220802,67.49,67.49,66.66,67,2348
MAT,220802,.043,.043,.043,.043,103879
MAU,220802,.97,.97,.915,.95,52267
MAY,220802,.105,.11,.099,.099,14862579
MAYO,220802,.064,.064,.06,.06,2144000
MBH,220802,.33,.34,.33,.33,18536
MBLPC,220802,107.2,107.3,107.15,107.15,2217
MBLPD,220802,99.37,99.4,98.81,99.35,2168
MCA,220802,.165,.17,.15,.15,2205191
MCCL,220802,9.23,9.23,9.22,9.22,11777
MCE,220802,.16,.16,.16,.16,123000
MCL,220802,.18,.18,.175,.175,59050
MCM,220802,.225,.235,.225,.235,24080
MCP,220802,.84,.85,.81,.85,89796
MCR,220802,1.95,1.957,1.855,1.905,1360653
MCSE,220802,3.67,3.67,3.67,3.67,4098
MCSG,220802,3.67,3.67,3.67,3.67,4098
MCT,220802,.003,.003,.003,.003,6371707
MCY,220802,5.49,5.58,5.36,5.57,32339
MDI,220802,.095,.095,.091,.091,414741
MDR,220802,.17,.17,.165,.165,32000
MEA,220802,.42,.42,.42,.42,147166
MEC,220802,1.015,1.02,1.01,1.01,49577
MEG,220802,.08,.08,.079,.079,80000
MEI,220802,.014,.014,.013,.013,241594
MEIO,220802,.003,.003,.003,.003,1030000
MEK,220802,.051,.051,.049,.049,1709565
MEL,220802,.024,.024,.023,.023,315334
MEU,220802,.052,.052,.048,.048,2012101
MEZ,220802,4.5,4.63,4.47,4.63,59766
MFD,220802,1.305,1.35,1.3,1.35,31155
MFF,220802,2.58,2.61,2.57,2.61,185390
MFFOA,220802,.029,.035,.029,.032,53672
MFG,220802,14.3,14.73,14.3,14.72,619097
MFGKOE,220802,5.15,5.15,5.15,5.15,1646
MFGO,220802,.88,.88,.835,.86,6766
MFGSO4,220802,6.9,6.9,6.9,6.9,1099
MGA,220802,.125,.125,.125,.125,25000
MGF,220802,1.44,1.45,1.425,1.45,1589988
MGFO,220802,.004,.004,.004,.004,317817
MGH,220802,4.06,4.13,4.03,4.1,240528
MGL,220802,.347,.347,.345,.345,10395
MGOC,220802,2.42,2.43,2.4,2.43,975777
MGR,220802,2.14,2.15,2.08,2.1,10423912
MGT,220802,.024,.024,.024,.024,1775964
MGTOE,220802,.004,.004,.004,.004,124000
MGU,220802,.041,.042,.038,.039,914981
MGUO,220802,.003,.003,.003,.003,401916
MGV,220802,.28,.3,.27,.285,1447000
MGX,220802,.51,.52,.49,.51,1238868
MHC,220802,.01,.01,.01,.01,127850
MHG,220802,3.26,3.28,3.26,3.26,25586
MHHT,220802,1.36,1.375,1.36,1.375,1105864
MHJ,220802,1.065,1.08,1.04,1.08,54062
MHK,220802,.155,.155,.155,.155,34000
MI6,220802,.29,.29,.265,.265,148821
MICH,220802,3.06,3.06,3.05,3.06,537269
MIN,220802,53.51,54.18,52.38,53.08,1109965
MINKCQ,220802,21.22,21.23,21.22,21.23,150
MINKOF,220802,22,22,21.38,21.38,445
MIO,220802,.175,.175,.17,.17,5306
MIR,220802,3.04,3.07,3.01,3.05,39633
MKG,220802,.072,.072,.068,.068,188929
MKR,220802,.175,.175,.17,.175,75913
MLD,220802,1,1.005,1,1,1887447
MLG,220802,.45,.46,.45,.46,76972
MLM,220802,.032,.032,.032,.032,11285
MLMOB,220802,.006,.006,.005,.005,500000
MLS,220802,.059,.061,.056,.056,4588381
MLSOC,220802,.021,.021,.021,.021,32900
MLSOD,220802,.026,.026,.024,.024,210555
MLX,220802,.33,.33,.315,.315,2066828
MM1,220802,.18,.19,.18,.18,114813
MM8,220802,.19,.19,.185,.185,148760
MMA,220802,.36,.36,.35,.36,12802
MMC,220802,.115,.115,.115,.115,50000
MME,220802,.87,.88,.79,.795,279281
MMG,220802,.24,.25,.24,.24,61000
MMI,220802,.02,.021,.019,.019,5169017
MMM,220802,.25,.25,.24,.25,84402
MMS,220802,12.41,12.77,12.15,12.76,113361
MNB,220802,.13,.135,.13,.13,700259
MNBOA,220802,.071,.071,.071,.071,4366
MND,220802,10.69,10.69,10.45,10.65,1801370
MNRS,220802,4.77,4.78,4.74,4.76,24402
MNS,220802,.315,.32,.305,.315,2904175
MNY,220802,2.27,2.27,2.22,2.25,118116
MOAT,220802,99.87,100.18,99.41,100.15,3262
MOB,220802,.038,.038,.038,.038,55248
MOGL,220802,2.92,2.92,2.88,2.91,45374
MOHO,220802,.001,.001,.001,.001,73334
MOT,220802,2.06,2.07,2.06,2.07,167070
MOZ,220802,.21,.245,.21,.24,156905
MOZG,220802,.95,.95,.95,.95,776
MP1,220802,8.27,8.47,8.12,8.22,1555077
MP1JOA,220802,4,4,4,4,1000
MPG,220802,.275,.285,.26,.285,77178
MPL,220802,3.44,3.5,3.42,3.5,8849199
MPR,220802,.026,.026,.023,.024,5227608
MQG,220802,177.36,178.98,177.36,178.86,516946
MQGKOP,220802,39.95,39.95,39.95,39.95,18
MQGPC,220802,104,104,103.6,103.8,1098
MQGPD,220802,106.86,106.87,105.87,106.1,3910
MQGPE,220802,99.8,99.85,99.5,99.5,5460
MQGPF,220802,101.45,101.64,101.3,101.5,19003
MQR,220802,.07,.071,.068,.068,530438
MRC,220802,.089,.089,.088,.088,33669
MRD,220802,.005,.005,.004,.005,3509348
MRDOB,220802,.002,.002,.001,.001,6000000
MRI,220802,.059,.062,.059,.06,85466
MRL,220802,.069,.069,.069,.069,6999
MRM,220802,.6,.6,.585,.585,585757
MRR,220802,.055,.062,.05,.05,23226646
MSB,220802,.87,.915,.87,.89,563075
MSG,220802,.04,.04,.04,.04,40000
MSTR,220802,8.37,8.37,8.335,8.36,762
MSV,220802,.37,.37,.37,.37,105573
MTB,220802,.006,.006,.006,.006,1500000
MTH,220802,.006,.006,.006,.006,20042828
MTM,220802,.1,.1,.1,.1,25000
MTO,220802,2.5,2.63,2.49,2.545,39791
MTS,220802,4.13,4.18,4.13,4.16,3202685
MVA,220802,21.84,21.92,21.53,21.67,54492
MVB,220802,28.99,29.34,28.98,29.34,2888
MVE,220802,34.85,34.9,34.72,34.9,1326
MVF,220802,1.09,1.09,1.07,1.07,122234
MVL,220802,.027,.03,.027,.03,63056
MVOL,220802,29.65,29.65,29.65,29.65,1827
MVP,220802,2.55,2.555,2.46,2.47,69666
MVR,220802,31.75,31.75,31.35,31.36,11982
MVS,220802,19.34,19.34,19.3,19.34,19983
MVTHA,220802,92.15,92.15,92.15,92.15,4435
MVW,220802,32.1,32.15,31.89,32.1,63595
MWY,220802,.84,.84,.83,.83,4000
MX1,220802,.145,.145,.135,.135,145216
MXC,220802,.019,.019,.019,.019,126350
MXO,220802,.051,.051,.05,.05,2275
MXR,220802,.05,.051,.048,.051,249751
MXT,220802,1.99,1.995,1.985,1.99,560924
MYD,220802,1.03,1.04,1.03,1.035,94443
MYE,220802,.43,.43,.41,.43,59444
MYG,220802,.45,.45,.45,.45,1986
MYR,220802,.455,.46,.44,.445,1015723
MYS,220802,4.68,4.72,4.66,4.66,55339
MYX,220802,.34,.365,.34,.34,9363454
MZZ,220802,.125,.13,.125,.13,427582
N1H,220802,.195,.195,.195,.195,11172
NAB,220802,30.5,31,30.37,30.96,4567015
NABKOE,220802,7.75,7.75,7.75,7.75,2000
NABKOK,220802,16.15,16.15,16.15,16.15,5000
NABKOT,220802,6.36,6.36,6.36,6.36,600
NABPE,220802,100.85,100.9,100.78,100.9,8191
NABPF,220802,104.89,105,104.64,105,8000
NABPH,220802,102.23,102.3,102.23,102.25,42264
NABPI,220802,100.199,100.2,99.96,100.07,20198
NAC,220802,.865,.865,.85,.85,43468
NAG,220802,.075,.075,.073,.073,139526
NAM,220802,.455,.455,.45,.45,30000
NAN,220802,4.61,4.71,4.59,4.71,1218365
NBI,220802,1.495,1.505,1.485,1.5,463097
NC1,220802,.79,.81,.745,.8,166013
NC6,220802,.077,.077,.074,.074,10800
NCC,220802,.865,.865,.855,.865,124191
NCK,220802,9.5,9.68,9.45,9.68,118161
NCL,220802,.08,.08,.073,.073,43814
NCM,220802,19.27,19.62,19.12,19.52,5613830
NCMJOA,220802,7.79,7.79,7.79,7.79,8000
NCMJOE,220802,5.3,5.35,5.3,5.35,10000
NCMKCE,220802,3.28,3.5,3.28,3.5,12114
NCMKOA,220802,3.68,3.68,3.68,3.68,2500
NCMKOG,220802,5.3,5.3,5.3,5.3,1698
NCZ,220802,1.81,1.865,1.81,1.855,258751
NDIA,220802,58.37,58.86,58.17,58.86,38
NDQ,220802,28.49,28.66,28.38,28.66,122260
NDXKCT,220802,17.03,17.1,16.87,16.92,42000
NDXKCV,220802,19.28,20,19.28,20,2000
NDXKOW,220802,9.74,9.74,9.74,9.74,1423
NDXMCP,220802,44.37,44.37,44.37,44.37,90
NEA,220802,1.335,1.36,1.305,1.36,897054
NEC,220802,2.06,2.08,2.02,2.06,3185673
NECKOC,220802,.74,.75,.74,.75,120000
NET,220802,.031,.031,.028,.029,3523076
NEU,220802,5.6,5.74,5.2,5.26,365641
NEW,220802,.825,.83,.815,.825,88116
NFL,220802,.14,.14,.13,.13,17380
NFNG,220802,87,87,86.5,86.5,925
NGI,220802,1.54,1.56,1.525,1.535,122005
NGS,220802,.13,.14,.13,.13,268195
NGY,220802,.031,.031,.031,.031,321
NHC,220802,4.34,4.36,4.27,4.31,2512386
NHE,220802,.155,.16,.15,.15,111246
NHF,220802,7.2,7.35,7.16,7.33,859400
NIC,220802,1.06,1.075,1.035,1.055,11196804
NICJOB,220802,.37,.37,.37,.37,10000
NIM,220802,.29,.29,.25,.25,148088
NIS,220802,.14,.14,.135,.135,125717
NKL,220802,.12,.12,.12,.12,92300
NML,220802,.057,.058,.055,.055,747322
NMR,220802,.13,.15,.13,.13,25712
NMT,220802,1.1,1.12,1.07,1.11,823422
NNG,220802,.1,.1,.1,.1,20000
NNL,220802,.25,.25,.235,.235,186952
NNUK,220802,1.56,1.56,1.56,1.56,16354
NOL,220802,2.01,2.02,2.01,2.01,19079
NOR,220802,.014,.014,.014,.014,501874
NOU,220802,.2,.2,.185,.19,18202
NOUO,220802,.027,.027,.026,.026,4503
NOV,220802,.21,.21,.2,.205,305304
NOX,220802,.245,.245,.24,.24,64021
NPM,220802,.001,.001,.001,.001,62518
NPR,220802,1.62,1.63,1.62,1.63,15231
NRX,220802,.045,.045,.045,.045,40000
NRZ,220802,.16,.17,.155,.16,1817753
NSB,220802,.215,.235,.215,.235,202497
NSC,220802,.77,.775,.765,.765,74326
NSM,220802,.17,.17,.165,.165,22716
NSR,220802,2.48,2.5,2.44,2.44,2766986
NST,220802,7.86,8.1,7.82,8.07,5092022
NSTJOC,220802,3.1,3.1,3.1,3.1,800
NSTKCG,220802,2.67,2.79,2.67,2.79,22000
NSTKOA,220802,3.58,3.58,3.58,3.58,500
NTD,220802,.9,.91,.9,.9,147740
NTI,220802,.089,.093,.089,.09,4452694
NTL,220802,.001,.001,.001,.001,57142
NTM,220802,.024,.024,.024,.024,27000
NTO,220802,1.115,1.115,1.075,1.11,948003
NTU,220802,.042,.042,.039,.039,693307
NUC,220802,.27,.27,.27,.27,3000
NUF,220802,5.2,5.215,5.15,5.18,746835
NUH,220802,.215,.24,.215,.24,235131
NVA,220802,.88,.88,.835,.87,87907
NVU,220802,.011,.011,.011,.011,64183
NVX,220802,2.6,2.63,2.38,2.5,5585907
NVXKOE,220802,1.115,1.17,1.075,1.17,13000
NWC,220802,.033,.033,.031,.031,2954692
NWE,220802,.042,.043,.041,.042,10266249
NWF,220802,.44,.44,.44,.44,94650
NWH,220802,1.9,1.95,1.88,1.94,636358
NWL,220802,13.3,13.44,13.08,13.43,234416
NWM,220802,.04,.04,.04,.04,24000
NWS,220802,24.7,24.76,24.35,24.65,143107
NXG,220802,6.21,6.21,6.1,6.19,551
NXL,220802,.655,.66,.605,.65,2306376
NXM,220802,.235,.235,.235,.235,10000
NXS,220802,.995,1.035,.95,1.035,85361
NXT,220802,11.82,11.9,11.74,11.81,1793239
NYM,220802,.1,.1,.1,.1,75000
NYR,220802,.16,.16,.16,.16,593
NZK,220802,.19,.2,.19,.2,18275
NZM,220802,1.05,1.05,1.02,1.025,35426
OAR,220802,.006,.006,.005,.005,601659
OAU,220802,.01,.01,.01,.01,142850
OBL,220802,3.99,4.095,3.94,4.09,305682
OBM,220802,.061,.066,.06,.06,3941564
OCA,220802,.885,.885,.88,.88,123
OCC,220802,.455,.455,.43,.44,204341
OCL,220802,15.4,15.7,15.4,15.5,59626
OCN,220802,.445,.445,.43,.44,55662
ODA,220802,.072,.072,.07,.07,163737
ODE,220802,.015,.015,.014,.014,42496
ODM,220802,.014,.014,.014,.014,15533
ODY,220802,.045,.047,.045,.047,95000
OEC,220802,.22,.23,.205,.205,8838
OEL,220802,.013,.013,.013,.013,21953785
OFX,220802,2.77,2.79,2.73,2.76,813925
OGC,220802,2.5,2.55,2.47,2.54,993119
OIL,220802,.12,.125,.12,.125,30984
OKJ,220802,.033,.033,.033,.033,49980
OKR,220802,.2,.2,.19,.19,485211
OKU,220802,.14,.145,.14,.145,331464
OLY,220802,.13,.14,.13,.14,23251
OM1,220802,.145,.145,.145,.145,1000
OMH,220802,.64,.64,.62,.635,50212
OML,220802,1.22,1.26,1.215,1.26,907884
OMX,220802,.085,.085,.084,.084,50000
ONE,220802,.14,.14,.13,.13,206356
OOKOB,220802,.009,.009,.009,.009,37037
OOO,220802,6.36,6.36,6.26,6.29,476203
OPH,220802,2.81,2.81,2.75,2.78,48594
OPL,220802,.059,.059,.05,.058,174939
OPT,220802,1.295,1.33,1.27,1.31,147095
OPY,220802,.31,.34,.282,.31,1950900
ORA,220802,3.54,3.56,3.48,3.55,2832435
ORG,220802,6,6.05,5.94,6.03,4434706
ORI,220802,17.1,17.22,16.98,17.2,681724
ORN,220802,.02,.02,.02,.02,283850
ORR,220802,.45,.485,.405,.41,257176
OSL,220802,.059,.059,.058,.058,140738
OSM,220802,.24,.24,.24,.24,50000
OSX,220802,.135,.14,.13,.14,74914
OXFL,220802,6810.2,6773.5,6773.5,6773.5,0
OXJO,220802,6993,6960.3,6960.3,6960.3,0
OXJR,220802,5278.9,5213.3,5213.3,5213.3,0
OXJT,220802,82593.203,82207.703,82207.703,82207.703,0
OXPJ,220802,1470.5,1467.7,1467.7,1467.7,0
OXT,220802,.089,.089,.085,.085,109407
OXVI,220802,0,0,0,0,0
OXXJ,220802,7046.7,7010.7,7010.7,7010.7,0
OZBD,220802,45.84,46.02,45.75,46,51594
OZF,220802,20.47,20.75,20.47,20.75,8641
OZL,220802,18.47,18.65,18.28,18.6,2963777
OZLJOA,220802,6.8,6.8,6.8,6.8,500
OZLKCC,220802,5.2,5.2,5.2,5.2,750
OZLKCD,220802,7.19,7.19,7.19,7.19,75
OZLKOR,220802,9.88,9.88,9.88,9.88,50
OZM,220802,.12,.12,.12,.12,100000
OZR,220802,11.84,11.84,11.68,11.74,10288
PAA,220802,.085,.085,.085,.085,57264
PAB,220802,.023,.024,.022,.024,186312
PAC,220802,7.72,7.72,7.6,7.6,9289
PAI,220802,.9,.915,.89,.9,258606
PAM,220802,.36,.36,.36,.36,4166
PAN,220802,.22,.22,.192,.2,3469453
PAR,220802,1.25,1.44,1.25,1.39,600949
PAXX,220802,3.93,3.94,3.87,3.94,48618
PAYS,220802,9.33,9.33,9.33,9.33,2150
PBH,220802,2.76,2.8,2.62,2.76,2506914
PBHKCE,220802,1.115,1.115,.97,1.08,15000
PBP,220802,2.28,2.33,2.27,2.33,19994
PCG,220802,1.725,1.725,1.725,1.725,4061
PCI,220802,1.005,1.02,1,1.01,186191
PCK,220802,.035,.035,.032,.032,40367
PCL,220802,.005,.005,.004,.004,52045398
PDI,220802,.23,.235,.225,.225,4023809
PDIOA,220802,.19,.19,.19,.19,50000
PDL,220802,4.8,4.84,4.75,4.82,990210
PDN,220802,.715,.73,.707,.715,9313855
PE1,220802,1.51,1.535,1.485,1.525,263209
PEB,220802,.46,.485,.46,.485,35634
PEK,220802,.475,.485,.47,.475,112980
PEN,220802,.175,.19,.175,.19,1806835
PEX,220802,.175,.18,.17,.18,34860
PFG,220802,.19,.19,.19,.19,56197
PFP,220802,4.7,4.75,4.66,4.7,20165
PFT,220802,.18,.2,.18,.2,458908
PG1,220802,.014,.014,.014,.014,66194
PGC,220802,.315,.325,.31,.325,193354
PGD,220802,.42,.42,.42,.42,69927
PGDO,220802,.26,.26,.24,.25,36798
PGF,220802,1.59,1.615,1.58,1.615,106676
PGG,220802,1.7,1.705,1.675,1.695,180792
PGH,220802,2.03,2.045,2.01,2.01,286617
PGL,220802,.885,.89,.79,.79,14299
PGO,220802,.655,.68,.585,.625,481355
PGY,220802,.016,.016,.016,.016,947700
PH2DD,220802,.275,.285,.255,.26,439118
PHL,220802,.054,.054,.054,.054,176479
PHO,220802,.14,.145,.14,.14,314335
PIA,220802,1,1.03,.997,1.02,128101
PIC,220802,1.21,1.24,1.21,1.225,356372
PIL,220802,.01,.011,.01,.011,1962426
PIM,220802,.13,.135,.13,.135,15755
PIQ,220802,.935,.935,.86,.865,175963
PIXX,220802,4.32,4.35,4.27,4.35,82538
PKD,220802,.02,.023,.02,.023,284040
PKO,220802,.017,.017,.016,.017,793081
PL8,220802,1.205,1.27,1.185,1.23,714889
PL8JOA,220802,.7,.7,.7,.7,4000
PLG,220802,.043,.043,.043,.043,50000
PLL,220802,.635,.635,.615,.625,1886991
PLS,220802,2.76,2.78,2.72,2.74,19577658
PLSKCB,220802,1.62,1.62,1.62,1.62,50000
PLSKOA,220802,1.23,1.23,1.215,1.215,57155
PLT,220802,.66,.665,.655,.665,12006
PLUS,220802,16.49,16.5,16.45,16.45,9822
PLY,220802,.69,.7,.665,.695,288284
PMC,220802,1.3,1.31,1.27,1.3,223955
PME,220802,50.96,52.05,50.5,51.51,186051
PMGOLD,220802,25.19,25.48,25.19,25.47,41315
PMV,220802,21.02,21.36,20.88,21.22,210038
PNC,220802,.38,.38,.335,.36,527492
PNCO,220802,.02,.02,.018,.018,490909
PNI,220802,10.31,10.41,9.92,10.07,1072271
PNM,220802,.075,.08,.075,.08,6265
PNN,220802,.49,.49,.45,.45,110116
PNR,220802,.185,.19,.175,.175,8371350
PNT,220802,.232,.232,.232,.232,5000
PNV,220802,1.585,1.6,1.55,1.58,1179923
PNX,220802,.004,.004,.004,.004,4500000
PO3,220802,.265,.265,.265,.265,2978
POD,220802,.27,.27,.245,.25,555598
POS,220802,.055,.055,.053,.053,4010409
PPC,220802,1.035,1.035,1.005,1.015,292462
PPE,220802,3.34,3.35,3.28,3.33,84706
PPG,220802,.37,.37,.357,.365,50702
PPH,220802,1.165,1.17,1.145,1.16,342097
PPK,220802,2.65,2.67,2.3,2.3,445299
PPL,220802,.048,.048,.046,.047,772826
PPM,220802,1.63,1.63,1.585,1.63,64447
PPS,220802,.625,.63,.607,.61,614632
PPT,220802,30.59,30.61,30.05,30.56,120098
PPTKCA,220802,10.28,10.28,10.28,10.28,150
PRL,220802,.115,.125,.107,.115,45166138
PRM,220802,.002,.002,.002,.002,1003103
PRMOB,220802,.001,.001,.001,.001,2000000
PRN,220802,.605,.615,.595,.605,1627917
PRO,220802,.86,.86,.86,.86,6
PRU,220802,1.69,1.69,1.66,1.68,3059115
PSC,220802,.135,.14,.13,.135,7942261
PSI,220802,4.37,4.37,4.28,4.31,29624
PSL,220802,.029,.029,.029,.029,149531
PSLOD,220802,.004,.004,.004,.004,976000
PSQ,220802,1.75,1.75,1.75,1.75,991
PTB,220802,1.15,1.15,1.13,1.13,47568
PTG,220802,.275,.285,.27,.28,369112
PTL,220802,.405,.405,.405,.405,4410
PTM,220802,1.82,1.852,1.8,1.85,1305688
PTMKOC,220802,.66,.66,.66,.66,10000
PTMSO1,220802,.69,.71,.69,.71,55000
PTR,220802,.087,.09,.086,.089,380652
PTX,220802,.18,.185,.17,.17,1002861
PTXOC,220802,.11,.11,.11,.11,150000
PUA,220802,.009,.009,.007,.009,4688251
PUAOD,220802,.001,.001,.001,.001,1000000
PUR,220802,.017,.017,.017,.017,1036254
PV1,220802,.056,.059,.055,.059,1412816
PVE,220802,.068,.068,.066,.068,369037
PVL,220802,.07,.07,.07,.07,16707
PVS,220802,.13,.14,.13,.135,529765
PVW,220802,.28,.28,.27,.275,123372
PWH,220802,8.2,8.45,8.18,8.44,113509
PWR,220802,2.45,2.46,2.4,2.46,13320
PX1,220802,.355,.39,.345,.39,521422
PXA,220802,14.38,14.59,14.28,14.44,84764
PXS,220802,.077,.077,.073,.077,55084
PXX,220802,.012,.012,.012,.012,123106
PYC,220802,.062,.063,.061,.063,365088
PYG,220802,.95,.955,.95,.955,48400
PYR,220802,.125,.125,.11,.115,25095
QAL,220802,2.07,2.4,2.07,2.3,343983
QAN,220802,4.65,4.65,4.56,4.6,4901102
QAU,220802,15.5,15.6,15.5,15.54,154967
QBE,220802,11.67,11.7,11.49,11.63,3194866
QBEJOA,220802,4.71,4.71,4.59,4.71,20400
QEM,220802,.19,.192,.18,.18,121041
QFE,220802,.085,.085,.083,.085,12960
QFN,220802,11.51,11.63,11.51,11.63,9748
QGL,220802,.41,.42,.41,.42,51155
QHAL,220802,35.5,35.5,35.13,35.13,18184
QHL,220802,.41,.41,.41,.41,2000
QLTY,220802,20.77,20.85,20.68,20.85,22359
QMIX,220802,23.38,23.38,23.37,23.38,4693
QML,220802,.17,.18,.165,.175,93766
QOZ,220802,14.08,14.14,14.05,14.14,25306
QPM,220802,.145,.145,.14,.145,1068229
QPON,220802,25.53,25.56,25.53,25.56,32578
QRE,220802,6.64,6.64,6.55,6.6,45020
QRI,220802,1.475,1.485,1.47,1.48,97506
QUAL,220802,37.27,37.39,37.04,37.37,187764
QUB,220802,2.79,2.79,2.73,2.75,3601198
QUBHA,220802,102.8,102.8,102.75,102.75,550
QUS,220802,40.04,40.4,39.97,40.39,17324
QVE,220802,.97,.97,.965,.965,125500
QXR,220802,.029,.029,.028,.028,1225619
R3D,220802,.1,.1,.095,.095,131359
R8R,220802,.155,.16,.15,.16,91223
RAC,220802,2.15,2.15,2.07,2.07,74396
RAD,220802,.235,.235,.22,.225,59750
RAG,220802,.041,.042,.04,.042,350460
RAN,220802,.009,.009,.009,.009,2876596
RAP,220802,.12,.122,.12,.12,489431
RARI,220802,24.61,24.73,24.61,24.73,1402
RAS,220802,.073,.076,.072,.074,475418
RBD,220802,12.4,12.4,12.4,12.4,100
RBL,220802,1.12,1.155,1.09,1.105,628778
RBTZ,220802,9.84,9.86,9.73,9.84,24388
RC1,220802,.016,.016,.015,.015,331562
RC1O,220802,.005,.005,.005,.005,115000
RCAP,220802,1.77,1.775,1.76,1.77,146790
RCB,220802,19.4,19.43,19.36,19.36,6545
RCE,220802,.86,.885,.86,.875,17342
RCL,220802,.205,.205,.19,.19,247113
RCT,220802,3.02,3.02,3,3,351
RCW,220802,.076,.076,.076,.076,15315
RD1,220802,.017,.017,.017,.017,96764
RDG,220802,.047,.047,.047,.047,51306
RDM,220802,.08,.08,.08,.08,50000
RDN,220802,.009,.009,.009,.009,2706692
RDT,220802,.41,.42,.395,.405,146257
RDV,220802,28.11,28.19,28.02,28.19,8677
RDY,220802,3.11,3.16,3.06,3.1,104409
REA,220802,124.33,126.54,123,126.12,129976
REAKOR,220802,32.7,32.75,31.1,31.1,500
REC,220802,.23,.232,.23,.23,175000
RED,220802,.25,.27,.245,.265,8444071
REE,220802,.062,.062,.06,.06,1390786
REG,220802,2.12,2.15,2.03,2.15,82173
REH,220802,15.82,15.82,15.09,15.33,413447
REIT,220802,18.15,18.15,18.07,18.1,7048
REM,220802,.165,.165,.165,.165,55414
REP,220802,.84,.84,.815,.83,162161
REX,220802,1.325,1.42,1.27,1.41,181039
REZ,220802,.024,.024,.024,.024,50000
RF1,220802,3.18,3.21,3.16,3.21,86479
RFF,220802,2.72,2.72,2.67,2.68,217772
RFG,220802,.049,.053,.049,.053,3586473
RFR,220802,.026,.026,.026,.026,32900
RFT,220802,.05,.05,.048,.05,266314
RFX,220802,.052,.052,.05,.051,1151872
RGB,220802,19.66,19.73,19.63,19.73,2236
RGL,220802,.03,.03,.027,.027,1129130
RHC,220802,70,70.88,68.85,70.57,324193
RHCKCA,220802,23.03,23.03,23.02,23.02,5000
RHCPA,220802,102.35,102.37,102.35,102.37,1448
RHCSOA,220802,30.51,31.65,30.51,31.65,330
RHT,220802,.068,.068,.068,.068,5777
RHY,220802,1.57,1.58,1.455,1.48,208285
RIC,220802,1.665,1.695,1.65,1.65,691858
RIE,220802,.008,.008,.008,.008,364500
RINC,220802,9.14,9.14,9,9.01,9309
RIO,220802,97.65,98.28,96.53,97.3,1403032
RIOJOA,220802,30.53,30.68,30.53,30.68,2000
RIOJOB,220802,23.08,23.08,22.22,22.64,1065
RIOJOY,220802,37.1,37.1,37.1,37.1,133
RIOKCD,220802,19.96,19.96,19.5,19.5,500
RIOKCT,220802,22.79,22.8,22.79,22.8,500
RIOSC2,220802,37.96,37.96,37.96,37.96,25
RIOSOB,220802,57.17,57.17,57.17,57.17,90
RKN,220802,1.275,1.345,1.265,1.345,151911
RLC,220802,.013,.013,.013,.013,875077
RLF,220802,.165,.185,.165,.18,673888
RLT,220802,2.93,2.96,2.92,2.96,1990
RMC,220802,1.32,1.32,1.3,1.3,17500
RMD,220802,34.01,34.49,33.97,34.44,897717
RMI,220802,.115,.115,.105,.105,212977
RML,220802,.009,.009,.009,.009,4101956
RMLO,220802,.003,.003,.003,.003,26331970
RMS,220802,.985,1.03,.985,1.03,2873836
RMSKCB,220802,.3,.3,.3,.3,2000
RMSKOB,220802,.32,.32,.32,.32,6000
RMX,220802,.006,.007,.006,.006,1217709
RNE,220802,.05,.053,.05,.053,474899
RNO,220802,.18,.18,.18,.18,5550
RNT,220802,.035,.035,.035,.035,153421
RNU,220802,.2,.2,.19,.195,4834246
RNX,220802,.008,.008,.008,.008,2194350
ROBO,220802,63.87,64.07,63.26,64,5040
ROC,220802,.12,.13,.12,.12,195044
ROG,220802,.005,.005,.005,.005,821854
RPL,220802,2.93,2.98,2.84,2.84,19812
RPM,220802,.285,.29,.28,.28,345128
RRL,220802,1.75,1.77,1.735,1.77,2688427
RRLKCC,220802,.935,.94,.935,.94,3000
RRR,220802,.395,.395,.395,.395,50000
RSG,220802,.27,.285,.27,.28,1189791
RSH,220802,.052,.052,.052,.052,70851
RSM,220802,19.24,19.24,19.24,19.24,3646
RTG,220802,.078,.078,.071,.071,48823
RTH,220802,.58,.58,.52,.52,102449
RTR,220802,.27,.27,.245,.26,674831
RUL,220802,1.57,1.57,1.55,1.55,28360
RVR,220802,.14,.14,.135,.137,379015
RVS,220802,.26,.26,.24,.26,314070
RWC,220802,4.43,4.48,4.36,4.46,1909630
RWL,220802,1.25,1.25,1.25,1.25,3215
RXH,220802,.011,.011,.011,.011,90111
RXL,220802,.25,.27,.25,.26,173968
RXM,220802,.165,.165,.15,.165,1052722
RYD,220802,1.24,1.24,1.23,1.24,26469
RZI,220802,.7,.7,.65,.67,146059
S2R,220802,.14,.14,.135,.14,41632
S32,220802,3.78,3.81,3.71,3.74,15777818
S32JOB,220802,1.535,1.535,1.53,1.53,2500
S32KOH,220802,1.265,1.265,1.265,1.265,5000
S3N,220802,.6,.6,.55,.55,11000
S66,220802,.24,.24,.24,.24,54
SBM,220802,1.17,1.22,1.16,1.22,5016331
SBR,220802,.004,.004,.004,.004,786336
SBROB,220802,.001,.001,.001,.001,4210491
SBW,220802,.12,.12,.12,.12,52435
SCG,220802,2.91,2.925,2.86,2.88,14799909
SCN,220802,.066,.067,.066,.067,186069
SCP,220802,2.96,3,2.93,2.94,3347755
SCT,220802,.04,.04,.04,.04,110
SDF,220802,5.32,5.38,5.31,5.34,1968072
SDG,220802,2.59,2.59,2.55,2.57,5234
SDI,220802,.815,.815,.815,.815,2664
SDR,220802,4.21,4.24,4.14,4.2,246914
SDV,220802,.33,.335,.3,.3,21285
SEC,220802,1.985,1.99,1.93,1.93,26962
SEK,220802,23.19,23.24,22.73,22.98,651469
SEMI,220802,8.8,8.83,8.71,8.78,19027
SEN,220802,.028,.028,.025,.026,2624544
SEQ,220802,.565,.565,.56,.56,5438
SER,220802,.018,.018,.017,.017,636912
SES,220802,.13,.135,.13,.135,19433
SFC,220802,17.75,18,17.75,17.99,3000
SFG,220802,.014,.015,.014,.015,835458
SFR,220802,4.5,4.53,4.43,4.49,1710651
SFX,220802,.48,.51,.48,.485,64718
SFY,220802,61.55,61.88,61.49,61.88,3426
SGA,220802,.3,.3,.285,.29,504634
SGAO,220802,.11,.11,.1,.1,437000
SGC,220802,.019,.02,.018,.02,268028
SGF,220802,2.58,2.62,2.55,2.62,25850
SGH,220802,.55,.55,.55,.55,4000
SGI,220802,.12,.12,.12,.12,12000
SGLLV,220802,7.25,7.3,7.15,7.15,1944
SGM,220802,14.78,14.9,14.6,14.82,596811
SGP,220802,3.88,3.88,3.785,3.82,9906310
SGQ,220802,.03,.03,.029,.03,1391931
SGR,220802,3.1,3.1,3.05,3.09,2536881
SGRKOB,220802,1,1,1,1,15000
SHE,220802,.018,.018,.018,.018,352528
SHG,220802,.095,.095,.095,.095,137500
SHH,220802,.009,.009,.009,.009,75000
SHJ,220802,1.11,1.11,1.065,1.065,4257
SHL,220802,35,35.4,34.79,35.34,816841
SHLKOB,220802,7.8,7.8,7.79,7.79,3000
SHM,220802,.795,.795,.795,.795,6037
SHN,220802,.029,.031,.028,.031,569555
SHO,220802,.019,.02,.019,.02,92878
SHOO,220802,.001,.001,.001,.001,2960000
SHP,220802,.105,.105,.099,.1,235306
SHV,220802,4.6,4.82,4.6,4.75,208583
SI6,220802,.007,.007,.007,.007,74998
SIG,220802,.64,.645,.63,.645,1318760
SIH,220802,.002,.002,.002,.002,4976
SIQ,220802,7,7.18,6.98,7.17,172838
SIS,220802,.013,.013,.012,.012,298618
SIT,220802,.004,.004,.004,.004,1000000
SIV,220802,.23,.23,.225,.225,12124
SKC,220802,2.47,2.52,2.44,2.52,433894
SKF,220802,.069,.069,.065,.066,109190
SKO,220802,3.21,3.28,3.21,3.25,2476
SKS,220802,.16,.16,.16,.16,11000
SKT,220802,2.08,2.08,2.04,2.08,14494
SKY,220802,.063,.063,.06,.061,305000
SLA,220802,2.55,2.57,2.5,2.51,1094016
SLB,220802,.185,.185,.18,.185,204026
SLC,220802,.85,.85,.8,.81,656765
SLF,220802,11.7,11.7,11.42,11.48,66218
SLH,220802,2.27,2.3,2.21,2.3,10895
SLR,220802,1.425,1.47,1.425,1.46,2255064
SLRKOC,220802,.47,.47,.47,.47,4000
SLS,220802,.185,.185,.17,.17,41435
SLX,220802,3,3.27,3,3.23,746359
SLZ,220802,.095,.096,.093,.095,523778
SM1,220802,2.89,3.21,2.88,3.12,99962
SMI,220802,.87,.875,.85,.85,199232
SMLL,220802,3.46,3.49,3.45,3.49,25502
SMN,220802,.495,.51,.435,.44,152290
SMP,220802,.67,.67,.645,.645,62045
SMR,220802,1.845,1.86,1.78,1.795,874876
SMX,220802,.26,.27,.26,.26,154650
SNAS,220802,4.06,4.11,4.06,4.1,250105
SNC,220802,.74,.75,.74,.75,13997
SND,220802,1.01,1.01,1.01,1.01,8953
SNG,220802,.255,.255,.25,.25,30050
SNL,220802,10.55,10.55,10.55,10.55,1999
SNS,220802,.089,.09,.089,.09,96772
SNX,220802,.4,.4,.345,.345,93212
SOL,220802,25.9,26.19,25.76,26.15,352362
SOM,220802,1.27,1.27,1.25,1.25,47095
SOP,220802,.12,.12,.12,.12,64018
SOR,220802,.15,.15,.145,.145,127700
SOV,220802,.26,.26,.25,.25,18478
SP3,220802,.039,.039,.038,.038,1014440
SPA,220802,.056,.056,.056,.056,47961
SPD,220802,.7,.7,.7,.7,11429
SPFKCH,220802,10.21,10.21,10.05,10.05,609
SPFKCQ,220802,3.42,3.44,3.33,3.44,128500
SPFKCZ,220802,5.12,5.16,5.12,5.16,3225
SPFKOA,220802,2.91,2.91,2.87,2.87,39040
SPFKOC,220802,4.88,4.92,4.88,4.92,4000
SPFKOP,220802,3.99,4.03,3.97,4.03,4163
SPFKOW,220802,6.39,6.44,6.38,6.44,15312
SPK,220802,4.59,4.62,4.57,4.59,540231
SPL,220802,.65,.665,.65,.65,57066
SPN,220802,1.02,1.02,.91,.95,199731
SPQ,220802,.043,.048,.043,.048,2263706
SPT,220802,.24,.245,.23,.235,981451
SPX,220802,.013,.014,.013,.014,6446442
SPXO,220802,.006,.006,.005,.006,2740850
SPY,220802,584.35,587.7,582.75,587.7,430
SPZ,220802,.185,.185,.185,.185,60000
SQ2,220802,109.7,111.62,109.5,110.25,185069
SRG,220802,.68,.695,.675,.685,701974
SRK,220802,.13,.13,.12,.12,146317
SRL,220802,2.69,2.8,2.62,2.8,70502
SRN,220802,.017,.019,.017,.018,2188350
SRX,220802,.285,.33,.275,.305,18076953
SRZ,220802,.017,.017,.016,.016,100117
SSG,220802,1.055,1.06,1.055,1.06,33814
SSH,220802,.215,.215,.215,.215,5800
SSM,220802,1.02,1.025,.975,.975,1088300
SSO,220802,13.49,13.49,13.34,13.34,3950
SSR,220802,23,23,22.53,22.76,3401
ST1,220802,.06,.06,.058,.06,144572
STA,220802,.395,.4,.375,.385,2316025
STG,220802,1.1,1.1,1.05,1.05,30010
STK,220802,.059,.059,.059,.059,135127
STM,220802,.05,.05,.044,.046,2769595
STN,220802,.345,.345,.325,.325,9400
STO,220802,7.3,7.33,7.22,7.24,10202442
STOKOB,220802,2.32,2.32,2.3,2.3,104721
STP,220802,.33,.33,.275,.295,189886
STW,220802,63.08,63.4,62.92,63.37,51292
STX,220802,.305,.305,.28,.29,3789116
SUBD,220802,24.38,24.39,24.38,24.39,9889
SUL,220802,10,10.14,9.88,10.1,360024
SUN,220802,11.28,11.42,11.22,11.41,2048329
SUNJOB,220802,4.22,4.33,4.2,4.33,20000
SUNPG,220802,103.049,103.23,102.75,103.23,3208
SUNPH,220802,101.15,101.88,101.15,101.31,2715
SUNPI,220802,99.21,99.79,99.1,99.4,1751
SUV,220802,.045,.045,.044,.045,496500
SVL,220802,.185,.185,.18,.185,1037554
SVM,220802,.48,.48,.46,.47,57697
SVW,220802,17.69,17.76,17.56,17.64,414699
SVY,220802,.165,.17,.16,.17,663483
SWF,220802,.18,.185,.18,.185,94526
SWM,220802,.45,.455,.44,.445,3619234
SWP,220802,.61,.61,.525,.54,164922
SWTZ,220802,2.55,2.55,2.55,2.55,28000
SXE,220802,.65,.655,.645,.645,140230
SXG,220802,.47,.48,.435,.44,499556
SXL,220802,1.185,1.19,1.17,1.185,214513
SYA,220802,.19,.19,.17,.18,60266435
SYAOC,220802,.16,.165,.155,.16,834554
SYI,220802,26.74,26.85,26.57,26.83,8688
SYM,220802,4.18,4.39,4.15,4.28,179576
SYN,220802,.004,.004,.004,.004,139082
SYR,220802,1.4,1.425,1.372,1.385,1576280
SZL,220802,.865,1.06,.84,1.06,13917234
T3D,220802,.001,.001,.001,.001,1991
T3K,220802,.19,.19,.19,.19,21
TACT,220802,46.29,46.39,46.29,46.39,14853
TAH,220802,.99,1.01,.98,1.01,12828563
TANN,220802,13.06,13.06,12.87,12.98,19505
TAR,220802,.026,.026,.023,.023,766217
TAS,220802,.013,.013,.013,.013,21100
TBA,220802,.032,.032,.03,.031,790224
TBN,220802,.225,.225,.19,.19,1072103
TBR,220802,3.68,3.68,3.68,3.68,295
TCG,220802,.06,.06,.058,.06,101287
TCL,220802,14.7,14.73,14.51,14.71,3809181
TCLJOC,220802,5.9,6,5.9,6,26241
TCLKOP,220802,3.86,3.86,3.86,3.86,5000
TD1,220802,.005,.005,.005,.005,100000
TDO,220802,.058,.058,.058,.058,56500
TECH,220802,78.21,79.09,78.1,79.03,5082
TEE,220802,.24,.24,.22,.22,20705
TEG,220802,.014,.014,.013,.013,1116805
TEGO,220802,.002,.002,.002,.002,1000000
TEK,220802,.26,.26,.255,.26,250127
TEM,220802,.039,.04,.038,.039,1144500
TEMO,220802,.018,.018,.017,.017,105000
TER,220802,.785,.8,.772,.795,5465273
TFL,220802,.078,.078,.078,.078,7001
TG1,220802,.145,.145,.145,.145,67396
TG6,220802,.115,.115,.115,.115,75000
TGA,220802,.24,.245,.24,.24,394750
TGF,220802,2.21,2.22,2.19,2.22,79755
TGH,220802,.13,.13,.125,.13,3841
TGR,220802,4.88,4.91,4.85,4.88,795269
THR,220802,.01,.01,.009,.01,1009675
TI1,220802,.024,.025,.023,.023,723214
TIE,220802,.48,.48,.47,.48,1719271
TIG,220802,.016,.016,.016,.016,33
TIP,220802,.49,.5,.49,.5,20927
TKL,220802,.006,.006,.006,.006,127885
TKM,220802,.064,.064,.06,.06,130149
TLC,220802,4.67,4.67,4.57,4.65,4280313
TLG,220802,1.34,1.385,1.33,1.37,153270
TLM,220802,.16,.16,.16,.16,78779
TLRA,220802,4.62,4.63,4.62,4.63,7285
TLS,220802,3.94,3.99,3.93,3.97,17727999
TLSJOB,220802,1.67,1.67,1.67,1.67,14000
TLX,220802,7.07,7.43,7.07,7.34,1154613
TMG,220802,.078,.078,.077,.078,30540
TMGOA,220802,.003,.003,.003,.003,1
TMR,220802,.071,.074,.071,.073,163012
TMS,220802,.03,.03,.027,.027,250369
TMX,220802,.007,.008,.007,.008,2057373
TMZ,220802,.025,.026,.025,.025,1238476
TMZOA,220802,.005,.005,.005,.005,695164
TNE,220802,12.03,12.25,11.96,12.23,753177
TNG,220802,.098,.105,.097,.098,2802846
TNT,220802,.12,.12,.115,.12,1399818
TNY,220802,.23,.23,.23,.23,641
TOE,220802,.015,.015,.015,.015,3742368
TON,220802,.027,.027,.027,.027,647041
TONO,220802,.002,.002,.002,.002,1249999
TOP,220802,.54,.54,.54,.54,7150
TOT,220802,.78,.782,.78,.78,42661
TOY,220802,.064,.064,.06,.06,290907
TPC,220802,1.53,1.53,1.53,1.53,232
TPD,220802,.125,.125,.115,.115,539179
TPG,220802,6.39,6.44,6.31,6.44,1205542
TPW,220802,4.6,4.7,4.37,4.56,303002
TRJ,220802,2.01,2.07,2.01,2.04,45484
TRP,220802,.285,.285,.285,.285,105628
TRS,220802,4.35,4.36,4.21,4.26,25586
TRT,220802,.025,.028,.025,.028,302954
TSC,220802,.002,.003,.002,.003,766666
TSCOA,220802,.001,.001,.001,.001,1000000
TSI,220802,1.195,1.205,1.19,1.2,32445
TSO,220802,.04,.041,.04,.04,1097333
TTI,220802,.017,.017,.015,.015,363422
TTM,220802,.054,.054,.053,.054,617116
TTT,220802,.26,.26,.26,.26,11885
TUA,220802,1.5,1.505,1.455,1.495,142017
TUL,220802,.58,.58,.56,.56,122798
TVL,220802,.135,.135,.13,.13,588903
TWD,220802,2.43,2.43,2.43,2.43,206
TWE,220802,12.25,12.345,12.2,12.32,1228808
TYM,220802,.026,.026,.025,.025,578432
TYR,220802,.785,.815,.77,.78,1949669
TYRKOC,220802,.38,.38,.365,.365,60000
TYX,220802,.031,.032,.029,.03,32305148
TZL,220802,.105,.105,.105,.105,10
UBI,220802,.315,.315,.31,.31,88829
UCM,220802,.063,.063,.06,.06,102175
UMAX,220802,20.11,20.11,19.95,19.96,3569
UMG,220802,3,3.03,2.83,2.85,3149449
UNI,220802,4.82,4.85,4.75,4.8,21618
UOS,220802,.6,.6,.6,.6,2500
URF,220802,.27,.275,.265,.272,707529
URFPA,220802,55.5,56.36,55.5,56,4896
URNM,220802,5.81,5.82,5.79,5.79,14015
URW,220802,4.01,4.12,3.98,4.12,349581
USD,220802,13.65,13.78,13.64,13.78,79059
USQ,220802,1.25,1.25,1.245,1.245,827
USTB,220802,10.17,10.17,10.15,10.15,20098
UUL,220802,.072,.072,.062,.062,74128
UVA,220802,.16,.16,.16,.16,5000
VACF,220802,48.66,48.91,48.66,48.91,21196
VAE,220802,65.85,65.85,64.38,65.29,12132
VAF,220802,45.75,46.01,45.75,45.95,35715
VAL,220802,.008,.008,.007,.008,2700005
VAN,220802,.044,.044,.044,.044,2485
VAP,220802,82.9,83,81,81.93,35135
VAR,220802,.029,.029,.028,.028,72682
VAS,220802,86.55,86.96,86.25,86.89,150479
VBLD,220802,66.03,66.25,65.64,66.2,4785
VBND,220802,43.99,44.09,43.91,44.07,16872
VCF,220802,40,40.13,40,40.09,7376
VCX,220802,2.09,2.11,2.07,2.08,12282963
VDBA,220802,50.69,50.69,50.37,50.55,8721
VDCO,220802,49.44,49.55,49.36,49.55,4819
VDGR,220802,52.78,52.78,52.5,52.66,7900
VDHG,220802,54.65,54.74,54.44,54.69,47296
VEA,220802,2.69,2.71,2.66,2.69,1630503
VEE,220802,.53,.53,.52,.525,23417
VEFI,220802,44.9,45.07,44.9,44.93,2337
VEN,220802,.09,.09,.088,.089,508766
VEQ,220802,56.01,56.48,56,56.29,6199
VESG,220802,65.73,66.13,65.5,66.13,14791
VETH,220802,54.65,54.76,54.3,54.74,5856
VEU,220802,73.77,73.78,73,73.64,37870
VG1,220802,1.58,1.605,1.57,1.57,562084
VG8,220802,1.84,1.895,1.83,1.88,303057
VGAD,220802,80.36,80.36,79.8,79.87,15544
VGB,220802,46.99,47.26,46.99,47.18,49315
VGE,220802,65.14,65.14,64,64.82,14161
VGL,220802,1.555,1.555,1.555,1.555,151
VGS,220802,93.23,93.8,92.86,93.66,49404
VHT,220802,.68,.695,.635,.64,358481
VHY,220802,64.17,64.45,63.86,64.44,47142
VIF,220802,40.69,40.87,40.69,40.81,20601
VIP,220802,.009,.009,.009,.009,301632
VISM,220802,54.45,54.8,54.305,54.8,4529
VLC,220802,69.84,70.4,69.8,70.4,4766
VLS,220802,2.07,2.1,2.07,2.1,5231
VLUE,220802,20.87,20.98,20.79,20.98,2961
VMC,220802,.175,.175,.175,.175,37918
VMG,220802,.001,.001,.001,.001,155152
VMIN,220802,52.05,52.05,52.05,52.05,380
VML,220802,.044,.045,.042,.044,15149512
VMS,220802,.027,.028,.026,.027,7851679
VMT,220802,.425,.425,.4,.415,165261
VN8,220802,.078,.078,.071,.077,202685
VNT,220802,2.74,2.85,2.72,2.82,900730
VOL,220802,.016,.017,.016,.017,180000
VOR,220802,.018,.019,.018,.018,363703
VPR,220802,.002,.002,.002,.002,1536951
VR1,220802,.09,.09,.085,.086,1847112
VR8,220802,.076,.078,.075,.075,577991
VRC,220802,.017,.019,.017,.018,17288371
VRCOB,220802,.004,.004,.004,.004,937500
VRS,220802,.069,.069,.067,.069,332026
VRX,220802,.175,.18,.17,.18,153867
VSL,220802,8.65,9.1,8.59,8.91,115337
VSO,220802,62.27,62.27,61.64,61.93,14873
VTG,220802,.195,.195,.19,.195,102061
VTI,220802,.29,.3,.29,.3,6000
VTS,220802,292.65,294.91,291.95,294.57,10649
VTX,220802,.12,.12,.115,.115,215106
VUK,220802,2.5,2.55,2.48,2.55,1690284
VUKKOC,220802,.67,.73,.67,.73,16500
VUL,220802,7.38,7.38,7.12,7.16,420521
VVA,220802,1.16,1.16,1.16,1.16,1442
VVLU,220802,57,57.43,56.8,57.43,32009
VYS,220802,.076,.076,.074,.074,133334
W2V,220802,.038,.042,.036,.04,451109
WAA,220802,.85,.87,.85,.86,100594
WAF,220802,1.32,1.375,1.305,1.37,3467590
WAK,220802,.19,.195,.19,.195,1650
WAM,220802,1.85,1.85,1.825,1.835,545668
WAR,220802,1.04,1.055,1.04,1.055,72941
WAT,220802,3.85,3.85,3.85,3.85,559
WAX,220802,1.38,1.38,1.36,1.375,41396
WBC,220802,21.61,22.02,21.56,22,6402716
WBCJCA,220802,7.79,7.87,7.79,7.87,13420
WBCKCB,220802,4.13,4.13,4.13,4.13,400
WBCKCD,220802,4.3,4.53,4.3,4.52,22500
WBCPE,220802,100.3,100.3,100.22,100.22,7770
WBCPH,220802,102.48,102.48,102.09,102.2,9264
WBCPI,220802,103.2,103.28,102.94,103.24,10179
WBCPJ,220802,101.96,102.039,101.8,101.8,16735
WBCPK,220802,99.46,99.77,99.4,99.5,15489
WBCPL,220802,101.79,102.06,101.6,102,15868
WBCSOA,220802,14.55,14.55,14.55,14.55,2500
WBE,220802,.003,.003,.002,.002,1201684
WBT,220802,2.65,2.67,2.56,2.67,213135
WC8,220802,.023,.023,.023,.023,303017
WCG,220802,.235,.24,.23,.23,53678
WCMQ,220802,6.57,6.57,6.46,6.55,56179
WCN,220802,.012,.012,.011,.012,1245883
WDIV,220802,17.67,17.77,17.6,17.76,26348
WDMF,220802,34.46,34.7,34.31,34.7,1918
WDS,220802,32.44,32.71,32.33,32.59,3984735
WDSKCC,220802,7.66,7.66,7.66,7.66,100
WDSKOQ,220802,9.17,9.19,9.17,9.19,5000
WDSSO1,220802,22.1,22.1,22.1,22.1,1
WEB,220802,5.04,5.065,4.95,5.03,1975159
WEC,220802,.012,.013,.011,.011,1946982
WEL,220802,.013,.013,.013,.013,201149
WEMG,220802,20.15,20.17,20.04,20.04,541
WES,220802,46.85,47.59,46.61,47.57,1503797
WESJOB,220802,20.5,20.5,20.5,20.5,1200
WESKOC,220802,26.26,26.26,26.26,26.26,115
WFL,220802,.038,.04,.037,.038,273764
WGB,220802,1.95,1.955,1.915,1.945,46915
WGN,220802,1.2,1.21,1.18,1.18,3850
WGO,220802,.155,.155,.152,.155,589465
WGX,220802,1.25,1.27,1.25,1.27,734599
WHC,220802,6.23,6.36,6.21,6.34,5305591
WHF,220802,5.32,5.33,5.28,5.33,12637
WIA,220802,.075,.075,.074,.074,131695
WIN,220802,.32,.33,.31,.33,486564
WLE,220802,1.54,1.545,1.52,1.52,368538
WLS,220802,.61,.61,.61,.61,20210
WMA,220802,1.085,1.09,1.085,1.09,97627
WMG,220802,.185,.185,.16,.165,195330
WMI,220802,1.615,1.655,1.605,1.64,120286
WML,220802,.015,.015,.015,.015,256680
WNX,220802,.085,.085,.083,.083,76794
WOA,220802,.58,.58,.55,.55,45760
WOO,220802,.001,.001,.001,.001,4478
WOR,220802,14.51,14.58,14.12,14.29,1356714
WOW,220802,38.15,38.65,37.93,38.6,1863895
WOWKCA,220802,5.84,5.84,5.84,5.84,647
WOWKOU,220802,7.15,7.15,6.72,6.72,6000
WPR,220802,2.6,2.6,2.55,2.56,1714010
WQG,220802,1.245,1.265,1.245,1.265,56000
WR1,220802,.185,.19,.18,.185,29370
WRK,220802,.017,.018,.017,.018,108612
WRLD,220802,14.33,14.33,14.33,14.33,488
WRM,220802,.12,.125,.115,.12,609529
WSI,220802,.155,.155,.15,.15,75000
WSP,220802,1.13,1.13,1.02,1.05,293518
WSR,220802,.049,.049,.049,.049,40559
WTC,220802,50.93,50.93,50,50.72,513532
WVOL,220802,34.07,34.32,33.99,34.32,10907
WWG,220802,.094,.098,.09,.095,153659
WWI,220802,.02,.021,.02,.02,1265419
WXHG,220802,20.95,20.98,20.92,20.96,7066
WXOZ,220802,34.4,34.54,34.26,34.54,1549
WYX,220802,.1,.11,.1,.105,11540
WZR,220802,.08,.08,.076,.076,2202878
X2M,220802,.093,.1,.091,.1,101385
X64,220802,.615,.645,.61,.625,233577
XAE,220802,1361.4,1362.9,1333.6,1338.1,0
XAF,220802,6810.5,6819.3,6761.4,6812.9,0
XAG,220802,1229.1,1237.2,1211.9,1231.8,0
XAM,220802,.025,.025,.024,.024,485235
XAO,220802,7213,7221.8,7163.8,7216.4,0
XARO,220802,23.51,23.52,23.45,23.45,47041
XAT,220802,6971.6,6981,6922.1,6975.2,0
XBK,220802,2580.7,2616.6,2573.8,2612.8,0
XBN,220802,8448.9,8566.2,8426.2,8553.8,0
XBT,220802,8460.4,8577.9,8437.6,8565.4,0
XBW,220802,124220.102,124220.102,124220.102,124220.102,0
XDI,220802,1507,1514,1496.8,1513.2,0
XDJ,220802,2894.4,2936.7,2891.8,2936.7,0
XEC,220802,2225.4,2230.2,2207.9,2212.3,0
XEJ,220802,10437.8,10437.8,10281.3,10341.4,0
XET,220802,3174.6,3181.5,3149.7,3156,0
XEW,220802,1749,1754.9,1737.2,1754.9,0
XF1,220802,.38,.385,.375,.375,23903
XFE,220802,232.8,234.2,232.2,234.2,0
XFJ,220802,6318,6370.8,6279,6366.7,0
XFL,220802,6810.2,6819.3,6761.9,6813.2,0
XFN,220802,503.8,504.3,500,504.3,0
XFR,220802,186.4,186.5,185,186.5,0
XGD,220802,5252.5,5362.2,5237.1,5353.5,0
XHJ,220802,43322.602,43646.301,43054.602,43550.102,0
XIJ,220802,1535.2,1548.5,1532.2,1548.5,0
XIN,220802,474.4,477.7,473.7,474.1,0
XJO,220802,6993,7003.8,6944.9,6998.1,0
XJOKOA,220802,8.58,8.58,8.58,8.58,1000
XJOKOE,220802,6.53,6.77,6.41,6.7,53473
XJOKOQ,220802,5.55,5.68,5.2,5.22,202659
XJOKOR,220802,6.35,6.4,6.1,6.1,3431
XJOKOT,220802,10.31,10.38,10.31,10.36,4336
XJOKOV,220802,7.55,7.6,7.32,7.32,20800
XJOKOW,220802,3.68,3.68,3.68,3.68,72000
XJOKOX,220802,4.17,4.17,4.17,4.17,7500
XJOMCR,220802,8.42,8.47,8.1,8.18,12852
XJR,220802,5278.9,5278.9,5178.3,5215.1,0
XJT,220802,82593.203,82720.898,82024.898,82653.102,0
XKAP,220802,95.94,95.94,95.94,95.94,40
XKO,220802,6977.2,6986.9,6928.8,6981.3,0
XLD,220802,1269.5,1273.4,1252,1271.3,0
XMD,220802,8806.6,8830.7,8745.8,8823.3,0
XMJ,220802,15727.4,15727.4,15429.9,15550.4,0
XMM,220802,5218.2,5218.2,5111.7,5151.9,0
XNI,220802,6072.7,6082.1,6030.9,6077.1,0
XNJ,220802,6527.2,6542.1,6478.8,6534.4,0
XNT,220802,77835,77955.398,77299.5,77891.5,0
XNV,220802,56.6,57.4,56.4,56.5,0
XPJ,220802,1470.5,1470.9,1437.6,1446.9,0
XPN,220802,.185,.185,.185,.185,18066
XRE,220802,3327.7,3328.5,3254.2,3274.7,0
XRG,220802,.037,.037,.037,.037,68226
XRI,220802,6444,6454,6399.7,6448.7,0
XRO,220802,93.02,93.65,92.02,93.58,271605
XROKCE,220802,32.3,32.3,32.3,32.3,250
XROKOR,220802,33.62,33.62,33.62,33.62,100
XSJ,220802,13575.1,13743.9,13527.6,13737.5,0
XSO,220802,2936,2937.7,2910.7,2936.8,0
XST,220802,.002,.002,.002,.002,400000
XSY,220802,1712.7,1712.7,1692.1,1703.7,0
XTC,220802,.008,.008,.008,.008,15914414
XTCO,220802,.005,.005,.005,.005,6491731
XTE,220802,.4,.4,.4,.4,5633
XTJ,220802,1449.8,1456.7,1438.4,1452.8,0
XTL,220802,3914.6,3924,3887.4,3920.1,0
XTO,220802,5847.4,5856.2,5806.1,5851,0
XTX,220802,2194,2206.5,2183.2,2206.5,0
XUJ,220802,7980.3,8031.5,7903.1,8029.8,0
XVI,220802,15.423,16.407,13.972,16.206,0
XXJ,220802,7046.7,7105.5,7003.2,7101,0
YA20,220802,11622.8,11640.5,11542.3,11629.8,0
YAL,220802,5,5,4.905,4.98,1427954
YANK,220802,10.87,11.11,10.86,11.11,10298
YAQL,220802,2269.2,2283,2258.3,2282,0
YATE,220802,1702,1711.7,1693.5,1711.7,0
YBHY,220802,978,978.4,976.7,978.3,0
YDIV,220802,0,0,0,0,0
YDVD,220802,2191.6,2212.9,2185.2,2212.9,0
YE20,220802,2255.6,2257.8,2239.6,2255.1,0
YETF,220802,0,0,0,0,0
YEX2,220802,1910.3,1910.7,1896.3,1909.2,0
YFAI,220802,1776.8,1777.6,1764.1,1776,0
YGEA,220802,2274.3,2283.6,2234.6,2278.5,0
YGRN,220802,2607,2607,2582.5,2601,0
YMAX,220802,7.49,7.49,7.37,7.4,36275
YMON,220802,0,0,0,0,0
YMVA,220802,2202,2202.3,2154.1,2164.3,0
YMVB,220802,2916.6,2940.5,2897.4,2938.1,0
YMVE,220802,3483.2,3492.9,3459.2,3489.9,0
YMVR,220802,3178.3,3178.3,3126.9,3146,0
YMVS,220802,1942.8,1942.8,1922.2,1939.7,0
YMVW,220802,3206.3,3210.7,3183.3,3208.7,0
YOJ,220802,.077,.077,.074,.074,96538
YOZF,220802,2059.5,2076.8,2046.5,2075.4,0
YOZR,220802,1188.7,1188.7,1166,1174.3,0
YPB,220802,.007,.008,.007,.007,687801
YQFN,220802,1156.6,1166.1,1149.2,1165.2,0
YQOZ,220802,1410.9,1413.8,1400.6,1412.8,0
YQRE,220802,667.2,667.2,654.5,659.1,0
YRAR,220802,2469.8,2478.2,2456.3,2477.4,0
YRDV,220802,2821.2,2829.5,2799.8,2827.5,0
YRL,220802,.155,.16,.15,.155,249730
YSFY,220802,6187.8,6196.6,6143.4,6190.5,0
YSLF,220802,1168.4,1168.7,1142.4,1149.6,0
YSSO,220802,1343,1343.7,1331.4,1343.3,0
YSTW,220802,6329.3,6339.5,6285.3,6333.8,0
YSYI,220802,2671.8,2686.3,2654.2,2686.3,0
YTMDX2,220802,101.89,101.89,101.89,101.89,477
YUBA,220802,0,0,0,0,0
Z2U,220802,.165,.165,.16,.16,519374
ZEO,220802,.066,.067,.064,.067,1926206
ZER,220802,.285,.285,.28,.28,95114
ZGCKOB,220802,3.87,3.87,3.87,3.87,4000
ZGCKOH,220802,5.19,5.19,5.19,5.19,2000
ZGCKOP,220802,5.65,5.65,5.65,5.65,250
ZHGKCA,220802,1.22,1.22,1.22,1.22,16949
ZHGKCQ,220802,1.065,1.065,1.065,1.065,45863
ZIM,220802,25.61,26.5,25.24,26.5,9562
ZIP,220802,1.075,1.22,1.05,1.22,24718487
ZIPKOG,220802,.81,.81,.79,.79,12000
ZLD,220802,1.9,1.9,1.76,1.78,14503
ZNC,220802,.34,.34,.33,.33,19862
ZNO,220802,.14,.14,.135,.135,7104
ZYAU,220802,8.82,8.82,8.74,8.78,19282
ZYUS,220802,13.72,13.77,13.69,13.77,27699
